1 0.6590057373046875 0.7195858955383301 0.623265266418457 0.36042156219482424
2 0.6921172142028809 0.662408447265625 0.1548398971557617 0.3707090377807617
2 0.9344928741455079 0.3640625476837158 0.029297637939453124 0.06148710250854492
0 0.11974818706512451 0.524899959564209 0.2394263744354248 0.1907590866088867
0 0.8106101989746094 0.4180266857147217 0.25332188606262207 0.07902050018310547
2 0.9666210174560547 0.36155261993408205 0.017862319946289062 0.05003414154052734
1 0.9347951889038086 0.37938225269317627 0.02510986328125 0.031321382522583006
0 0.7026700973510742 0.5997995376586914 0.5928016662597656 0.23187999725341796
0 0.431076717376709 0.42295136451721194 0.11067914962768555 0.07438249588012695
0 0.9933396339416504 0.3860593557357788 0.013320732116699218 0.0702979564666748
1 0.27869186401367185 0.7334499835968018 0.5386312484741211 0.3670252799987793
0 0.15929412841796875 0.4443696975708008 0.3185882568359375 0.08477420806884765
