2 0.5085888289318465 0.3854885962701613 0.34768300722127626 0.7376178700436828
2 0.23414566170456064 0.3836702408329133 0.2455409992794026 0.5258776592951949
3 0.19561489355190528 0.029307650494319135 0.03161214627431668 0.058390069776965724
0 0.8075847571392005 0.19981940484816027 0.2807529808109642 0.17781244093371976
2 0.049628271336569066 0.21119102560063843 0.09925654267313813 0.3097081338205645
0 0.9563372576678241 0.24732777585265456 0.08606200476317664 0.2217855966219338
1 0.5627024071848291 0.5716829689600135 0.1682193680026932 0.5083889868951613
2 0.08561864673581898 0.15111691054477486 0.05315448076297075 0.1405738256310904
0 0.9449887180600072 0.1220387940765709 0.10930344453904024 0.1351436573971984
2 0.28645694221866097 0.13921034618090558 0.13758100199903178 0.14650120888986895
1 0.5082681769998665 0.5675312657510081 0.2823261576160746 0.5143355831023185
