2 0.5002482096354167 0.4714659777554599 0.3647333884725765 0.8860975901285807
2 0.6117178780691964 0.3638857639197147 0.02322998046875 0.08389900669907079
0 0.1274240714352147 0.41809740933504974 0.04332030419589711 0.047776684616551254
2 0.09477732132892219 0.4148786718195135 0.019688223494964394 0.0579155141657049
2 0.6302638047406462 0.3589013417561849 0.021290972443664968 0.08846043095444188
1 0.06553604229777849 0.4279452815200343 0.02736267816452753 0.028660254044966263
0 0.8189903207376701 0.30426166996811377 0.35921290391156463 0.6075824968742601
1 0.014801012415464233 0.43153829285592743 0.02949805227266688 0.02649128075801965
0 0.7572659239477041 0.3899420246933446 0.23838260157578656 0.4364584142511541
1 0.5902664288371599 0.37497982834324695 0.045381174930909866 0.05595842997233073
2 0.6784504377923044 0.2850730780399207 0.03710177674585459 0.08189493237119733
0 0.8927571614583333 0.5005207061767578 0.21448567708333333 0.9989585876464844
2 0.056870368386612455 0.4019154635342685 0.02071759489928784 0.06321149883848248
1 0.5813822843590561 0.37563803701689746 0.029686171343537415 0.05136579455751361
