4 0.024920493364334106 0.7846698760986328 0.04983074069023132 0.19275684356689454
4 0.2672213315963745 0.8194427490234375 0.11255621910095215 0.3043483257293701
4 0.8777372360229492 0.876612663269043 0.10029869079589844 0.2467747688293457
4 0.19805063009262086 0.8321048736572265 0.0935166597366333 0.23080978393554688
4 0.3088116407394409 0.5730463027954101 0.03221526145935059 0.09697599411010742
4 0.5416183471679688 0.6870687007904053 0.05551595687866211 0.1562053680419922
4 0.4589177131652832 0.5554448127746582 0.03285036087036133 0.0707204818725586
4 0.8785952568054199 0.8763082504272461 0.1516775131225586 0.24727673530578614
4 0.199578595161438 0.6086617469787597 0.05146794319152832 0.12108173370361328
4 0.8653032302856445 0.8760519027709961 0.22077102661132814 0.247896146774292
4 0.3090740442276001 0.5855367660522461 0.029360532760620117 0.07192573547363282
