4 0.02654717266559601 0.7900230407714843 0.05307766795158386 0.1963937759399414
4 0.27303204536437986 0.8251812934875489 0.12308197021484375 0.2903623580932617
4 0.2003875732421875 0.8262459754943847 0.09923248291015625 0.24368152618408204
4 0.19733054637908937 0.6087025165557861 0.04003863334655762 0.1181025505065918
4 0.8697041511535645 0.8773855209350586 0.10325679779052735 0.2446683883666992
4 0.45822973251342775 0.551296329498291 0.03551177978515625 0.0795654296875
4 0.03720269203186035 0.6522363662719727 0.04756960868835449 0.1351228713989258
4 0.31149632930755616 0.577270793914795 0.041642284393310545 0.08861083984375
4 0.3131289482116699 0.5876306533813477 0.037340736389160155 0.06727027893066406
4 0.8522677421569824 0.8768469810485839 0.15958786010742188 0.24587764739990234
4 0.8822113037109375 0.8767290115356445 0.15919990539550782 0.24653167724609376
4 0.9063922882080078 0.9728810310363769 0.05913887023925781 0.05423793792724609
4 0.5346251964569092 0.5553009986877442 0.023131656646728515 0.056055450439453126
