4 0.023850710690021516 0.7846287250518799 0.04770142138004303 0.18545179367065429
4 0.2609549045562744 0.8203928947448731 0.09925031661987305 0.30220909118652345
4 0.19920828342437744 0.831297492980957 0.09585733413696289 0.23113589286804198
4 0.8736918449401856 0.8763548851013183 0.11506137847900391 0.2472902297973633
4 0.3091596603393555 0.5734869956970214 0.029777717590332032 0.09434833526611328
4 0.19835131168365477 0.6034280776977539 0.0374852180480957 0.12822494506835938
4 0.5420782089233398 0.6880617618560791 0.052542495727539065 0.1538161277770996
4 0.4579035758972168 0.5511024475097657 0.03272037506103516 0.07999897003173828
4 0.5350115776062012 0.5553696632385254 0.023691558837890626 0.0532806396484375
4 0.8638153076171875 0.876522445678711 0.1708517074584961 0.24695520401000975
4 0.03595522940158844 0.6436716079711914 0.034331291913986206 0.1231419563293457
