4 0.8314982414245605 0.7117881298065185 0.055288505554199216 0.20262784957885743
4 0.21272480487823486 0.8566692352294922 0.08323216438293457 0.22357521057128907
4 0.6130358695983886 0.560984992980957 0.042037010192871094 0.10218334197998047
4 0.4345880031585693 0.5625959873199463 0.04139785766601563 0.10840120315551757
4 0.7185900688171387 0.5739355087280273 0.05507793426513672 0.11597814559936523
4 0.16870232820510864 0.6597576141357422 0.05213606357574463 0.1694927215576172
4 0.34165704250335693 0.5913488388061523 0.057121658325195314 0.11468524932861328
4 0.033729633688926695 0.755620002746582 0.06745926737785339 0.2332071304321289
4 0.6341090202331543 0.869511604309082 0.1118001937866211 0.2607899188995361
4 0.6369308948516845 0.868659496307373 0.1592249870300293 0.2626810550689697
2 0.3712778091430664 0.1404894471168518 0.02812948226928711 0.06456553936004639
4 0.5511370658874511 0.9064413070678711 0.12897682189941406 0.1871173858642578
4 0.4337282180786133 0.5801963806152344 0.039569854736328125 0.07286224365234376
