4 0.2271977186203003 0.8487521171569824 0.1090773582458496 0.23805980682373046
4 0.8321688652038575 0.7124523162841797 0.059418106079101564 0.2023998260498047
4 0.4322760581970215 0.5599349498748779 0.047370529174804686 0.11688194274902344
4 0.3429612159729004 0.5979520797729492 0.05307350158691406 0.1116140365600586
4 0.8366758346557617 0.47245025634765625 0.022587966918945313 0.09384050369262695
4 0.03869333863258362 0.7636457443237304 0.07738667726516724 0.2126920700073242
4 0.7099985599517822 0.5529715538024902 0.06551761627197265 0.15370941162109375
4 0.17292848825454712 0.6543771266937256 0.050032830238342284 0.15849428176879882
2 0.32847840785980226 0.5361128807067871 0.05528302192687988 0.15463533401489257
4 0.026478144526481628 0.760749340057373 0.05274249911308289 0.1940603256225586
4 0.17060929536819458 0.6591068267822265 0.07342221736907958 0.1691751480102539
4 0.6341382026672363 0.8735759735107422 0.10179672241210938 0.2525138854980469
4 0.608064842224121 0.5501130104064942 0.03680496215820313 0.11431732177734374
2 0.3271921634674072 0.49868221282958985 0.04959659576416016 0.07996692657470703
4 0.6368106365203857 0.8696810722351074 0.15123109817504882 0.260637903213501
