4 0.4325525760650635 0.5636846542358398 0.04560766220092773 0.10730438232421875
4 0.8311761856079102 0.7112358093261719 0.059215736389160153 0.20008392333984376
4 0.6051925659179688 0.5515065670013428 0.04800968170166016 0.11365985870361328
4 0.21798851490020751 0.8385201454162597 0.09250473976135254 0.25890293121337893
2 0.32991480827331543 0.4983804702758789 0.06031112670898438 0.07861766815185547
4 0.837504768371582 0.4706692695617676 0.0247406005859375 0.08973445892333984
4 0.032317087054252625 0.7616547584533692 0.06463417410850525 0.2258472442626953
4 0.17466423511505128 0.6559206485748291 0.048328399658203125 0.15865888595581054
4 0.3308433532714844 0.610667610168457 0.05256671905517578 0.14175128936767578
4 0.7256231307983398 0.5606531143188477 0.058800697326660156 0.14216976165771483
4 0.7263849258422852 0.5854168891906738 0.056215095520019534 0.09343242645263672
2 0.33419075012207033 0.5370457649230957 0.06973876953125 0.15784988403320313
4 0.16897101402282716 0.6605312347412109 0.06753158569335938 0.17019929885864257
