4 0.255859375 0.6628499984741211 0.06419219970703124 0.18782444000244142
4 0.5103052139282227 0.5520940780639648 0.049001121520996095 0.12261905670166015
4 0.8313014030456543 0.5619168758392334 0.05020332336425781 0.13670291900634765
4 0.1171033263206482 0.7867462635040283 0.08262846469879151 0.2536473274230957
4 0.6990496635437011 0.5426974296569824 0.04342517852783203 0.12486019134521484
4 0.4139068126678467 0.6047307968139648 0.05025291442871094 0.1430675506591797
0 0.9421895027160645 0.3952895402908325 0.11562099456787109 0.1566016674041748
4 0.38033199310302734 0.8233043670654296 0.13904619216918945 0.35289840698242186
2 0.3934431552886963 0.5104138374328613 0.08113059997558594 0.1351766586303711
4 0.9307849884033204 0.8571338653564453 0.1383190155029297 0.2857323169708252
4 0.9565839767456055 0.858294677734375 0.086798095703125 0.28333492279052735
4 0.7289950370788574 0.4823891639709473 0.029448604583740233 0.09498062133789062
4 0.7955716609954834 0.8728697776794434 0.14450597763061523 0.2540462493896484
4 0.7993230819702148 0.8725169181823731 0.09826183319091797 0.2545650482177734
2 0.43593654632568357 0.10465375185012818 0.016222572326660155 0.0660517930984497
