4 0.21460001468658446 0.8058244705200195 0.08625273704528809 0.28324246406555176
2 0.42694768905639646 0.49139747619628904 0.07714192867279053 0.1275175094604492
4 0.5002169609069824 0.5982477188110351 0.07011489868164063 0.1587315559387207
4 0.7854018211364746 0.5373408794403076 0.04835014343261719 0.12940845489501954
4 0.5746377944946289 0.5436406135559082 0.049765586853027344 0.12449798583984376
4 0.9357044219970703 0.5373327255249023 0.07456493377685547 0.18383398056030273
0 0.9364806175231933 0.3790336847305298 0.12703876495361327 0.17571730613708497
4 0.3394633293151855 0.6591327667236329 0.05494356155395508 0.19241752624511718
4 0.5787016391754151 0.8257028579711914 0.14210691452026367 0.3484546184539795
4 0.5812238693237305 0.8529651641845704 0.20590038299560548 0.2940696716308594
