4 0.4086663246154785 0.6696318626403809 0.07043561935424805 0.2184835433959961
2 0.4617504119873047 0.4902864933013916 0.07872066497802735 0.13940486907958985
4 0.8506572723388672 0.5333378791809082 0.04737167358398438 0.13550491333007814
4 0.30078582763671874 0.8312177658081055 0.1011174201965332 0.31330051422119143
0 0.9346633911132812 0.368755578994751 0.1306732177734375 0.17207107543945313
4 0.5540045738220215 0.5878833293914795 0.05822429656982422 0.18279199600219725
4 0.6304856300354004 0.5387063026428223 0.04891338348388672 0.1396852493286133
4 0.990740966796875 0.4537632465362549 0.01851806640625 0.04824113845825195
4 0.7204525947570801 0.8342124938964843 0.11250438690185546 0.3313293933868408
4 0.721103572845459 0.8354020118713379 0.16597766876220704 0.3291475296020508
4 0.9901081085205078 0.43387527465820314 0.019783782958984374 0.08827817440032959
