4 0.2975064992904663 0.6861447811126709 0.09971041679382324 0.26778459548950195
4 0.6255173683166504 0.6148140907287598 0.07885169982910156 0.2010589599609375
4 0.034871044754982 0.5551275730133056 0.05411245226860047 0.1724079132080078
4 0.16761455535888672 0.39993364810943605 0.026769399642944336 0.059369897842407225
4 0.4525922298431396 0.503957986831665 0.05024394989013672 0.15633802413940429
4 0.2630771636962891 0.3781142711639404 0.02941579818725586 0.08050765991210937
4 0.8589715957641602 0.5521073341369629 0.07314376831054688 0.18960485458374024
1 0.6808956146240235 0.5797465801239013 0.18754825592041016 0.47850618362426756
4 0.8593998908996582 0.6159173965454101 0.07481327056884765 0.3202810287475586
4 0.034781908988952635 0.6894436836242676 0.05445407629013062 0.1042099952697754
4 0.38109598159790037 0.3759942054748535 0.026160001754760742 0.06905641555786132
4 0.16750398874282837 0.4461343765258789 0.02322068214416504 0.038211631774902347
