4 0.309395432472229 0.6880005836486817 0.09231028556823731 0.272344970703125
4 0.6250362396240234 0.6145905494689942 0.07910099029541015 0.193597412109375
4 0.846249008178711 0.556973648071289 0.05945014953613281 0.17604522705078124
4 0.027434003353118897 0.5609424591064454 0.054868006706237794 0.1798452377319336
4 0.2588003158569336 0.3785714626312256 0.028549385070800782 0.07746868133544922
4 0.4522669792175293 0.505925464630127 0.05039358139038086 0.1609560012817383
4 0.16958961486816407 0.39629454612731935 0.032832670211791995 0.07041692733764648
1 0.7137318134307862 0.5787552833557129 0.255159854888916 0.47708377838134763
4 0.8496170043945312 0.7086330413818359 0.04842300415039062 0.14002513885498047
4 0.37875828742980955 0.37474350929260253 0.027260494232177735 0.07293052673339843
4 0.20596954822540284 0.688909912109375 0.0422215461730957 0.11962776184082032
4 0.031162172555923462 0.6939697265625 0.057506132125854495 0.09509067535400391
