4 0.30718212127685546 0.6860559940338135 0.08733625411987304 0.27193384170532225
4 0.03719683289527893 0.5600550651550293 0.06879299879074097 0.17305374145507812
4 0.8460554122924805 0.5506543159484864 0.0568023681640625 0.18753662109375
4 0.45069499015808107 0.5029128551483154 0.048763465881347653 0.1518585205078125
4 0.1688813328742981 0.39455695152282716 0.02895791530609131 0.06924104690551758
4 0.2570948123931885 0.3849379062652588 0.029394149780273438 0.060491085052490234
4 0.6311498165130616 0.6185577392578125 0.09118480682373047 0.19659385681152344
1 0.7110782623291015 0.5952670097351074 0.25517807006835935 0.5104612350463867
4 0.3786004543304443 0.375032377243042 0.027968597412109376 0.07183427810668945
4 0.20586750507354737 0.6887776374816894 0.04309754371643067 0.11577014923095703
4 0.8499822616577148 0.7102572441101074 0.04819774627685547 0.14292678833007813
4 0.17075376510620116 0.5441523551940918 0.19714117050170898 0.17925539016723632
4 0.2154710292816162 0.5427674293518067 0.10530195236206055 0.17334136962890626
4 0.1676640033721924 0.44631118774414064 0.01980743408203125 0.03808794021606445
