4 0.9520574569702148 0.46672687530517576 0.08595123291015624 0.1617725133895874
4 0.03813748359680176 0.6505098342895508 0.05332174301147461 0.14903297424316406
4 0.9786089897155762 0.3227505683898926 0.0375701904296875 0.07654962539672852
4 0.7952353477478027 0.4174210548400879 0.04559345245361328 0.10288562774658203
4 0.735910177230835 0.40139408111572267 0.04242105484008789 0.09408378601074219
0 0.9770595550537109 0.20427210330963136 0.038108444213867186 0.02234678268432617
4 0.14594428539276122 0.5625689506530762 0.05074048042297363 0.09732685089111329
4 0.8284067153930664 0.35712261199951173 0.02621002197265625 0.09496173858642579
4 0.20881757736206055 0.5087538719177246 0.04408979415893555 0.08769207000732422
4 0.7050293445587158 0.2990401744842529 0.016360950469970704 0.03664546012878418
4 0.6698409080505371 0.38345837593078613 0.03332576751708984 0.0747145652770996
0 0.8565401077270508 0.22835054397583007 0.03986701965332031 0.017691421508789062
4 0.9811263084411621 0.2413020610809326 0.014175796508789062 0.04020776748657227
4 0.8122800827026367 0.2793170690536499 0.011819267272949218 0.021869993209838866
4 0.6355276107788086 0.3712104082107544 0.0249481201171875 0.06390089988708496
4 0.16937074661254883 0.40810842514038087 0.01353626251220703 0.025377869606018066
4 0.6102231979370117 0.3664355993270874 0.02109050750732422 0.050321769714355466
4 0.30157716274261476 0.4200569152832031 0.016689252853393555 0.04006662368774414
4 0.7534468650817872 0.2868649959564209 0.014714622497558593 0.03997535705566406
4 0.941077995300293 0.24837398529052734 0.013805007934570313 0.04205718040466309
4 0.17910802364349365 0.5885345458984375 0.01494455337524414 0.025212478637695313
4 0.07870674133300781 0.5026247501373291 0.025794386863708496 0.07584133148193359
4 0.08471271991729737 0.5078092575073242 0.038436365127563474 0.08667373657226562
4 0.23991332054138184 0.47219152450561525 0.035792064666748044 0.08022003173828125
