4 0.03793396353721619 0.6488555431365967 0.05450221300125122 0.15026302337646485
4 0.9531485557556152 0.4673144340515137 0.0837625503540039 0.15928971767425537
0 0.9771369934082031 0.2044070243835449 0.03836517333984375 0.021903610229492186
4 0.9786175727844239 0.3216572284698486 0.03759574890136719 0.07393894195556641
4 0.7931266784667969 0.42065887451171874 0.04895496368408203 0.09844057559967041
4 0.7395137310028076 0.4069035530090332 0.036355209350585935 0.08494176864624023
4 0.08044018745422363 0.5038434982299804 0.03425066471099854 0.06978073120117187
4 0.6720309734344483 0.38312039375305174 0.02845344543457031 0.07423229217529297
4 0.9810922622680665 0.24142417907714844 0.014169692993164062 0.03918266296386719
0 0.8565475463867187 0.22828288078308107 0.039559555053710935 0.016806745529174806
4 0.14471786022186278 0.5603105545043945 0.06073033809661865 0.10274639129638671
4 0.7057056427001953 0.29518661499023435 0.015419769287109374 0.04279270172119141
4 0.08504649400711059 0.4310137748718262 0.015489482879638672 0.026064300537109376
4 0.636375904083252 0.37583365440368655 0.024644184112548827 0.05536737442016602
4 0.8868118286132812 0.25957303047180175 0.014817428588867188 0.039268112182617186
4 0.21401920318603515 0.38395204544067385 0.012554359436035157 0.01938915252685547
4 0.2947808265686035 0.38873326778411865 0.014666461944580078 0.026630163192749023
4 0.24016027450561522 0.47722530364990234 0.0334986686706543 0.07088451385498047
4 0.9408915519714356 0.2490612506866455 0.013484382629394531 0.04037322998046875
4 0.919466781616211 0.2382500171661377 0.009968185424804687 0.022370243072509767
4 0.1558350682258606 0.4157353401184082 0.012679314613342286 0.02502288818359375
4 0.2902382373809814 0.44606666564941405 0.01972818374633789 0.05090541839599609
