4 0.9523860931396484 0.46651153564453124 0.08169670104980468 0.16191961765289306
4 0.03804903030395508 0.6502223014831543 0.05461684465408325 0.14759445190429688
4 0.9777443885803223 0.32158699035644533 0.034148788452148436 0.07449617385864257
4 0.7940211296081543 0.41965503692626954 0.04727039337158203 0.10140783786773681
4 0.8309168815612793 0.35260872840881347 0.02712841033935547 0.0788055419921875
4 0.733795166015625 0.40418667793273927 0.04440641403198242 0.09028606414794922
4 0.14079546928405762 0.5578237056732178 0.04122495651245117 0.10987291336059571
4 0.6706705093383789 0.3866306781768799 0.029291534423828126 0.06909313201904296
4 0.20297081470489503 0.5085125923156738 0.033635282516479494 0.08409109115600585
4 0.6360721588134766 0.37274386882781985 0.02378501892089844 0.06535706520080567
4 0.08652912974357604 0.43042840957641604 0.017039883136749267 0.025803375244140624
4 0.1763234853744507 0.5864253997802734 0.031223535537719727 0.035477828979492185
4 0.07955971956253052 0.5061863899230957 0.027537941932678223 0.07020292282104493
4 0.023407740890979765 0.4441094398498535 0.014106097817420959 0.021622276306152342
4 0.940860652923584 0.24848651885986328 0.013134384155273437 0.041746091842651364
4 0.6437787055969239 0.31777324676513674 0.011945152282714843 0.028209686279296875
4 0.9806001663208008 0.2410648822784424 0.014942550659179687 0.03941888809204101
4 0.30130815505981445 0.42036685943603513 0.018635368347167967 0.040935611724853514
4 0.8870512008666992 0.25936527252197267 0.015096664428710938 0.03699860572814941
4 0.6095773696899414 0.36405625343322756 0.022328281402587892 0.05595722198486328
