4 0.5555637359619141 0.2800146579742432 0.044263267517089845 0.09494104385375976
4 0.8710023880004882 0.36585447788238523 0.07321891784667969 0.18712944984436036
4 0.7210766792297363 0.33204283714294436 0.06479129791259766 0.15179986953735353
4 0.6839768886566162 0.3079530715942383 0.049072551727294925 0.13771610260009765
4 0.47086482048034667 0.2528818368911743 0.03364248275756836 0.08363242149353027
4 0.35200819969177244 0.21935577392578126 0.02699146270751953 0.06565302610397339
0 0.39250032901763915 0.14797549247741698 0.1394111156463623 0.14450979232788086
0 0.4841148376464844 0.1252830982208252 0.09431533813476563 0.0753611981868744
1 0.6370458126068115 0.1567164659500122 0.06081113815307617 0.06921401023864746
2 0.6396990299224854 0.12843152284622192 0.04729547500610352 0.10871531963348388
0 0.7160653591156005 0.13021498918533325 0.14559001922607423 0.1152869462966919
0 0.5740108013153076 0.12951526641845704 0.10808324813842773 0.0873626708984375
4 0.30770721435546877 0.1980699419975281 0.03187885284423828 0.07572448253631592
0 0.80007963180542 0.1107515811920166 0.09060878753662109 0.07916908264160157
4 0.8222063064575196 0.4029050827026367 0.04646410942077637 0.07056443691253662
