4 0.5541652202606201 0.27470757961273196 0.04128942489624023 0.10234503746032715
4 0.8709512710571289 0.3615083932876587 0.07468986511230469 0.1946263790130615
4 0.4702600955963135 0.24899001121520997 0.03552589416503906 0.09175529479980468
4 0.7229333400726319 0.32801635265350343 0.061923885345458986 0.15258421897888183
4 0.683139705657959 0.30333449840545657 0.046123695373535153 0.14061007499694825
1 0.6380620956420898 0.1514190912246704 0.06666622161865235 0.08077530860900879
2 0.6408684253692627 0.12502385377883912 0.04739875793457031 0.11188352108001709
4 0.3500927448272705 0.22105979919433594 0.02524590492248535 0.05611152648925781
0 0.7200118064880371 0.1299091696739197 0.14413738250732422 0.11535532474517822
0 0.7992063522338867 0.10820206403732299 0.08837432861328125 0.07315638065338134
4 0.30653340816497804 0.2049116611480713 0.02964634895324707 0.06207207441329956
4 0.4004219532012939 0.23498013019561767 0.02042226791381836 0.06941967010498047
0 0.3929710865020752 0.14530730247497559 0.13804273605346679 0.1400782585144043
0 0.48343935012817385 0.12534286975860595 0.08685531616210937 0.07463841438293457
0 0.5728372097015381 0.12973880767822266 0.10642433166503906 0.08703720569610596
