4 0.9233843803405761 0.8244668960571289 0.09166545867919922 0.20173168182373047
0 0.1177910327911377 0.5846993446350097 0.10391898155212402 0.05261430740356445
3 0.19907987117767334 0.4141226768493652 0.039460182189941406 0.07356183528900147
4 0.34774467945098875 0.7589953422546387 0.0685811996459961 0.15272865295410157
4 0.1767428994178772 0.7397793769836426 0.0574146032333374 0.11790666580200196
4 0.585325813293457 0.7942378044128418 0.07338638305664062 0.1607919692993164
0 0.7102019309997558 0.577573585510254 0.1826173782348633 0.060391998291015624
4 0.09832385182380676 0.7204359531402588 0.04226750135421753 0.09067707061767578
4 0.046115949749946594 0.6973581314086914 0.04316481947898865 0.08608722686767578
3 0.26252198219299316 0.42992939949035647 0.02869443893432617 0.06870555877685547
0 0.9467650413513183 0.5796425342559814 0.1060577392578125 0.05963602066040039
2 0.1851542115211487 0.5807641029357911 0.025796890258789062 0.04818801879882813
2 0.1796952962875366 0.5805598258972168 0.015320062637329102 0.0467376708984375
3 0.14405778646469117 0.48175640106201173 0.009972190856933594 0.0178619384765625
4 0.0969198226928711 0.6593371868133545 0.02282547950744629 0.05736360549926758
4 0.9070571899414063 0.5988455295562745 0.01199188232421875 0.027034568786621093
2 0.1914823055267334 0.5830052375793457 0.019549226760864256 0.043538475036621095
3 0.01600455045700073 0.4593793869018555 0.024006903171539307 0.011956024169921874
