3 0.19833433628082275 0.41431455612182616 0.0387321949005127 0.07252709865570069
4 0.589146614074707 0.7877169609069824 0.0742757797241211 0.17053565979003907
4 0.3414039134979248 0.7614664077758789 0.07101554870605468 0.14273567199707032
4 0.9230055809020996 0.8208281517028808 0.09183616638183593 0.20913314819335938
0 0.11786378622055053 0.5843270301818848 0.10213403701782227 0.05185623168945312
4 0.17205114364624025 0.7417948246002197 0.06084003448486328 0.11696538925170899
4 0.09826130867004394 0.6592556476593018 0.032581758499145505 0.05603599548339844
4 0.09675785899162292 0.7219759464263916 0.044358885288238524 0.08751506805419922
0 0.7097641468048096 0.5774904251098633 0.18298940658569335 0.061463356018066406
4 0.0450679212808609 0.6929607391357422 0.044948285818099974 0.09572277069091797
0 0.948947811126709 0.5792864322662353 0.10210437774658203 0.059678077697753906
2 0.18060858249664308 0.5804620742797851 0.018854188919067382 0.049917984008789065
3 0.32904558181762694 0.4559234619140625 0.01571207046508789 0.04423236846923828
3 0.26253705024719237 0.4299301624298096 0.028628826141357422 0.0678929328918457
3 0.14401543140411377 0.48187861442565916 0.01013650894165039 0.018000125885009766
4 0.907257080078125 0.599047040939331 0.012315750122070312 0.026928138732910157
2 0.1858457088470459 0.5804030418395996 0.029067039489746094 0.0515192985534668
2 0.1892213225364685 0.5823958873748779 0.024743103981018068 0.04548158645629883
