4 0.21100027561187745 0.6673480033874511 0.07242212295532227 0.17476921081542968
4 0.4158170700073242 0.6149908065795898 0.05252389907836914 0.13106164932250977
4 0.5423846244812012 0.5872338294982911 0.04248199462890625 0.09794921875
4 0.6291442394256592 0.5598776817321778 0.037952518463134764 0.08830757141113281
4 0.6946975231170655 0.5474954605102539 0.031737232208251955 0.07084274291992188
4 0.7927097320556641 0.5218804359436036 0.02406024932861328 0.052375411987304686
4 0.7526596069335938 0.5297399520874023 0.028106307983398436 0.06302928924560547
4 0.8468050003051758 0.5106573104858398 0.01876411437988281 0.03599472045898437
4 0.8242183685302734 0.515894603729248 0.020764923095703124 0.04540576934814453
4 0.8660729408264161 0.5046624183654785 0.015251350402832032 0.03786811828613281
4 0.9020299911499023 0.48868498802185056 0.01666412353515625 0.04362010955810547
