4 0.20533130168914795 0.7077439308166504 0.07333178520202636 0.23126754760742188
4 0.41382856369018556 0.6504054069519043 0.056455230712890624 0.17613754272460938
4 0.5419008255004882 0.6238733291625976 0.04467201232910156 0.12743854522705078
2 0.9666963577270508 0.5135841369628906 0.040540313720703124 0.12789764404296874
4 0.6296765327453613 0.5947280883789062 0.038636398315429685 0.11713018417358398
4 0.6962769508361817 0.5811618328094482 0.03219947814941406 0.09222774505615235
4 0.7952250480651856 0.56350736618042 0.023670768737792967 0.051795005798339844
1 0.9614151000976563 0.5335416793823242 0.04609756469726563 0.09151458740234375
4 0.8497501373291015 0.5431222915649414 0.021216583251953126 0.0506744384765625
4 0.754549789428711 0.5684873580932617 0.02779521942138672 0.06829071044921875
4 0.8273649215698242 0.5490694999694824 0.023715972900390625 0.05660457611083984
