4 0.9677535057067871 0.8134042739868164 0.06449298858642578 0.2739525318145752
4 0.4082934379577637 0.7343640327453613 0.06279001235961915 0.19311771392822266
4 0.2483659267425537 0.7149994373321533 0.052919530868530275 0.1471536636352539
4 0.6434381484985352 0.7657317638397216 0.06700172424316406 0.22850961685180665
3 0.26018753051757815 0.2962744474411011 0.03680200576782226 0.09589495658874511
4 0.17493215799331666 0.6921323776245117 0.03749701976776123 0.11169509887695313
4 0.1261068105697632 0.6699321746826172 0.03837394714355469 0.09720191955566407
0 0.7783908843994141 0.5120073795318604 0.19065437316894532 0.07693758010864257
4 0.054884719848632815 0.5565506935119628 0.01852727234363556 0.03059673309326172
3 0.0884084701538086 0.36841769218444825 0.02306227684020996 0.014161300659179688
1 0.12832810878753662 0.5450915336608887 0.028069376945495605 0.025987815856933594
4 0.17239278554916382 0.6194638252258301 0.027901935577392577 0.07691268920898438
3 0.32221031188964844 0.31688404083251953 0.026792001724243165 0.09057083129882812
0 0.9798858642578125 0.5169116020202636 0.04022407531738281 0.06798248291015625
1 0.12883596420288085 0.5395564079284668 0.028633546829223634 0.03618059158325195
3 0.20941967964172364 0.39568068981170657 0.00959949493408203 0.024938249588012697
