4 0.8628955841064453 0.8115409851074219 0.08949470520019531 0.2609565734863281
3 0.16083195209503173 0.3014993190765381 0.04311180114746094 0.1011765480041504
4 0.5578619003295898 0.7738438606262207 0.06710891723632813 0.23047924041748047
4 0.1446532726287842 0.741602087020874 0.06140379905700684 0.15359029769897461
4 0.06125845313072205 0.7220894813537597 0.05095850229263306 0.11414813995361328
4 0.31455078125 0.7551841259002685 0.07325515747070313 0.1971421241760254
4 0.01742229163646698 0.6981981277465821 0.03484458327293396 0.09964179992675781
0 0.6828201293945313 0.5259306907653809 0.1828364372253418 0.0738565444946289
0 0.8957191467285156 0.5217116355895997 0.09127655029296874 0.07574310302734374
3 0.22779562473297119 0.32358489036560056 0.03007335662841797 0.09316215515136719
4 0.06665412187576295 0.6413028717041016 0.03077652454376221 0.07333793640136718
