4 0.875857162475586 0.8101125717163086 0.0935129165649414 0.2568973064422607
4 0.3179584503173828 0.7591568946838378 0.06220550537109375 0.19281044006347656
4 0.5601062774658203 0.7799852371215821 0.07501296997070313 0.21928958892822265
3 0.1605424165725708 0.30295917987823484 0.042696905136108396 0.1018517017364502
4 0.14255809783935547 0.7435323238372803 0.061168575286865236 0.15498342514038085
4 0.06625458598136902 0.7040290355682373 0.0455474853515625 0.15472536087036132
0 0.6839947700500488 0.5262495040893554 0.18593597412109375 0.07374725341796876
3 0.2278291940689087 0.32402944564819336 0.02979559898376465 0.09387769699096679
4 0.018955332040786744 0.6936613559722901 0.03791066408157349 0.11508722305297851
0 0.8954156875610352 0.5213527679443359 0.08910598754882812 0.0773345947265625
4 0.8682830810546875 0.5435240745544434 0.015036392211914062 0.03640117645263672
4 0.6230128288269043 0.8083776473999024 0.046421051025390625 0.1324542999267578
0 0.9254604339599609 0.5210619926452636 0.14907913208007811 0.08183078765869141
