4 0.8739105224609375 0.7628915309906006 0.08360271453857422 0.27444772720336913
3 0.16279629468917847 0.19688587188720702 0.04385197162628174 0.10298795700073242
4 0.3317695617675781 0.6733504295349121 0.07351255416870117 0.19971656799316406
4 0.1520025372505188 0.6427460670471191 0.06372020244598389 0.1640066146850586
4 0.5559918403625488 0.715443754196167 0.06827287673950196 0.22489328384399415
4 0.07365229129791259 0.6169632911682129 0.04403247833251953 0.11308469772338867
1 0.07196050882339478 0.4255071640014648 0.03834676742553711 0.047638988494873045
3 0.23263213634490967 0.2216552734375 0.03115568161010742 0.09846936464309693
2 0.07275497913360596 0.4094548225402832 0.0360238790512085 0.07579782009124755
3 0.5539022445678711 0.018488286435604094 0.03320131301879883 0.03689256608486176
4 0.06934992074966431 0.5324045181274414 0.028830075263977052 0.06295032501220703
0 0.9297642707824707 0.42521138191223146 0.1404714584350586 0.07629547119140626
4 0.020946916937828065 0.5838628768920898 0.04189383387565613 0.10128154754638671
0 0.6877641677856445 0.4179352283477783 0.18232784271240235 0.0799860954284668
