4 0.5668676376342774 0.7138533115386962 0.07693138122558593 0.22010564804077148
3 0.16295130252838136 0.1978607177734375 0.04223299026489258 0.10455098152160644
4 0.15698039531707764 0.6513165950775146 0.06416463851928711 0.14496469497680664
4 0.8574131011962891 0.7862321853637695 0.10473403930664063 0.22033405303955078
4 0.32400057315826414 0.6748471736907959 0.0604555606842041 0.19732580184936524
3 0.23267731666564942 0.22198085784912108 0.031215190887451172 0.09870682954788208
0 0.6886078834533691 0.4178098201751709 0.18482494354248047 0.07811470031738281
4 0.07232222557067872 0.616152572631836 0.05514043569564819 0.10772686004638672
4 0.8899757385253906 0.8561801910400391 0.04207267761230469 0.08762741088867188
2 0.4622313976287842 0.3938144207000732 0.05262422561645508 0.060583972930908205
0 0.929078483581543 0.42605037689208985 0.14184303283691407 0.07845857143402099
3 0.5546545028686524 0.018144145607948303 0.031713008880615234 0.036234742403030394
0 0.9095022201538085 0.4257453441619873 0.10217933654785157 0.07555685043334961
4 0.02168026864528656 0.5841039657592774 0.04336053729057312 0.10119152069091797
4 0.07186158895492553 0.5292310237884521 0.030580472946166993 0.0699112892150879
