4 0.8656085968017578 0.7787824153900147 0.08824501037597657 0.24121179580688476
4 0.5698665142059326 0.7092005252838135 0.07760143280029297 0.22935400009155274
4 0.33195834159851073 0.6745640754699707 0.07311439514160156 0.1979726791381836
4 0.15392982959747314 0.6447690486907959 0.05518803596496582 0.1587826728820801
3 0.16336374282836913 0.1966611385345459 0.04443817138671875 0.1041569709777832
4 0.02251371443271637 0.5848484516143799 0.04502742886543274 0.10265445709228516
4 0.07534970045089721 0.6172587394714355 0.04589414596557617 0.11243648529052734
1 0.07198177576065064 0.42507333755493165 0.03906005620956421 0.048157691955566406
2 0.07361187934875488 0.40820932388305664 0.029501545429229736 0.07296829223632813
3 0.23240976333618163 0.22136125564575196 0.031120109558105468 0.09762629270553588
0 0.9296457290649414 0.42558627128601073 0.14070844650268555 0.07689685821533203
3 0.5541116714477539 0.017805971205234528 0.03229837417602539 0.03551727831363678
0 0.6834412574768066 0.41791367530822754 0.18918352127075194 0.08139162063598633
3 0.4534002780914307 0.22993783950805663 0.02477264404296875 0.026787757873535156
4 0.06762182712554932 0.5236923217773437 0.037255576252937316 0.08080329895019531
0 0.9073720932006836 0.4267882347106934 0.09730339050292969 0.07417230606079102
