2 0.11229568719863892 0.6231503009796142 0.08938841819763184 0.20804967880249023
4 0.8545703887939453 0.8877128601074219 0.07827415466308593 0.22457432746887207
4 0.7087522506713867 0.8121889114379883 0.052797698974609376 0.18694705963134767
4 0.6218965530395508 0.7709567546844482 0.052733421325683594 0.13597478866577148
3 0.8590814590454101 0.24066526889801027 0.055762863159179686 0.15029869079589844
3 0.17865684032440185 0.4656217575073242 0.020639324188232423 0.06333351135253906
0 0.9771897315979003 0.5600112915039063 0.04562053680419922 0.053936100006103514
1 0.11046398878097534 0.6649294853210449 0.08587310314178467 0.1346914291381836
0 0.8767707824707032 0.5586971282958985 0.08397064208984376 0.06388645172119141
3 0.751654052734375 0.3506505012512207 0.044151687622070314 0.020044326782226562
2 0.006525789201259613 0.641834831237793 0.013051578402519226 0.2032144546508789
4 0.6527878284454346 0.7057271003723145 0.0382904052734375 0.09874992370605469
1 0.006695708632469178 0.6538818359375 0.013391417264938355 0.18604907989501954
4 0.4793686866760254 0.5985727310180664 0.013709259033203126 0.03615303039550781
2 0.8185586929321289 0.5499211311340332 0.015704345703125 0.031072616577148438
4 0.46743597984313967 0.5949411392211914 0.011406898498535156 0.03887462615966797
2 0.004299788922071457 0.6444994449615479 0.008599577844142914 0.21327333450317382
3 0.5106421947479248 0.3685385465621948 0.025348377227783204 0.01739029884338379
