2 0.11258286237716675 0.6251622200012207 0.08752756118774414 0.20453147888183593
4 0.8540358543395996 0.8885702133178711 0.07947921752929688 0.22283291816711426
4 0.7092437744140625 0.8090687751770019 0.05654773712158203 0.19298553466796875
3 0.17991511821746825 0.465422248840332 0.02120814323425293 0.06748733520507813
4 0.6218938827514648 0.769361162185669 0.055054855346679685 0.13925752639770508
3 0.859319019317627 0.24110217094421388 0.055371665954589845 0.15018177032470703
1 0.11104605197906495 0.6647806167602539 0.08457809090614318 0.13764572143554688
0 0.8751355171203613 0.5628600120544434 0.08853321075439453 0.07169990539550782
4 0.6520031929016114 0.7038455009460449 0.03291664123535156 0.09785490036010742
0 0.9775201797485351 0.5603342056274414 0.044959640502929686 0.05155391693115234
3 0.7557886123657227 0.35112667083740234 0.05319232940673828 0.019998836517333984
