2 0.11223100423812866 0.624390983581543 0.08415741920471191 0.20575294494628907
4 0.8570605278015136 0.8860254287719727 0.08849525451660156 0.2279491424560547
4 0.7123103618621827 0.8174595832824707 0.06323070526123047 0.17502937316894532
3 0.8592523574829102 0.24178521633148192 0.056142425537109374 0.15082221031188964
3 0.18018753528594972 0.4646418571472168 0.02178783416748047 0.06585121154785156
4 0.6219827651977539 0.7659593105316163 0.05113906860351562 0.14706735610961913
3 0.7563552856445312 0.3511866807937622 0.05398635864257813 0.02030329704284668
1 0.11263427734375 0.6668023109436035 0.08536353111267089 0.13283424377441405
0 0.9779879570007324 0.560481595993042 0.044024085998535155 0.05416536331176758
0 0.897001075744629 0.5651112079620362 0.14251556396484374 0.07688636779785156
4 0.4780689239501953 0.5986072540283203 0.014494895935058594 0.03610811233520508
2 0.007278217375278473 0.6346028327941895 0.014556434750556946 0.22284116744995117
4 0.6521592617034913 0.7135974884033203 0.038402366638183597 0.07919254302978515
