2 0.1484699010848999 0.49792022705078126 0.028272533416748048 0.06911983489990234
2 0.07747241258621215 0.4870028495788574 0.022763657569885253 0.06496028900146485
1 0.07918388843536377 0.5048072814941407 0.020378422737121583 0.03809337615966797
1 0.14886648654937745 0.5179007530212403 0.029907369613647462 0.04090538024902344
4 0.9742577552795411 0.6581523895263672 0.03438243865966797 0.06019859313964844
4 0.8472286224365234 0.6281304359436035 0.027085113525390624 0.09459190368652344
4 0.7320797443389893 0.621436071395874 0.03034181594848633 0.07121038436889648
4 0.539970588684082 0.5959120750427246 0.025093269348144532 0.06248598098754883
4 0.6332367897033692 0.6078083992004395 0.030506134033203125 0.07030916213989258
0 0.6341201305389405 0.5068173408508301 0.07467527389526367 0.05267486572265625
4 0.2928140163421631 0.5456122398376465 0.020201778411865233 0.04182567596435547
4 0.34347167015075686 0.5586624622344971 0.020883846282958984 0.040859317779541014
4 0.20041828155517577 0.5257291793823242 0.015609943866729736 0.03570346832275391
4 0.6890248775482177 0.6231414794921875 0.023212146759033204 0.04129476547241211
4 0.31212215423583983 0.5497694969177246 0.019622135162353515 0.04434328079223633
4 0.990810775756836 0.6576178550720215 0.0179229736328125 0.06258068084716797
4 0.37048954963684083 0.5624369621276856 0.02089061737060547 0.04603443145751953
4 0.4916812896728516 0.5815563201904297 0.02828559875488281 0.07227077484130859
