2 0.14785802364349365 0.497507381439209 0.02681090831756592 0.07053699493408203
2 0.07696163654327393 0.4874455451965332 0.0206467866897583 0.06578006744384765
1 0.07910016775131226 0.5053401947021484 0.018899941444396974 0.037590408325195314
4 0.5382778644561768 0.60238037109375 0.0267822265625 0.05115451812744141
4 0.629259443283081 0.609796142578125 0.028654861450195312 0.061448097229003906
4 0.96981201171875 0.655687952041626 0.0314544677734375 0.06620292663574219
4 0.9695592880249023 0.6390165328979492 0.03206367492675781 0.0989877700805664
1 0.14862709045410155 0.51771240234375 0.02693662643432617 0.040266799926757815
4 0.4440035820007324 0.5796103477478027 0.018222999572753907 0.05257835388183594
4 0.8502569198608398 0.6426569938659668 0.02911033630371094 0.06357374191284179
4 0.8499147415161132 0.6292250633239747 0.030908203125 0.09102535247802734
4 0.7329130172729492 0.6206360340118409 0.02722005844116211 0.07266025543212891
4 0.3710327625274658 0.5591730117797852 0.019636154174804688 0.05466480255126953
4 0.4899256706237793 0.5851067543029785 0.023618507385253906 0.06332912445068359
4 0.2913543701171875 0.5458926200866699 0.019612503051757813 0.04038543701171875
4 0.311205530166626 0.5509328365325927 0.0194547176361084 0.04395570755004883
4 0.34279718399047854 0.5535720825195313 0.01925668716430664 0.05001506805419922
4 0.24230580329895018 0.5354143142700195 0.018073368072509765 0.033281707763671876
4 0.22197337150573732 0.5267425060272217 0.017308998107910156 0.04370756149291992
4 0.4093036651611328 0.5678964614868164 0.01950044631958008 0.056701278686523436
4 0.2644115686416626 0.5380137443542481 0.018257570266723634 0.035259056091308597
