2 0.1478809118270874 0.4988517761230469 0.02637786865234375 0.07157316207885742
1 0.07879700660705566 0.5080676555633545 0.01902424097061157 0.03185148239135742
1 0.14927682876586915 0.5180194854736329 0.0261629581451416 0.04034299850463867
2 0.07715045213699341 0.4871419906616211 0.022256076335906982 0.06555042266845704
4 0.6337137222290039 0.6123494148254395 0.029189205169677733 0.057990741729736325
4 0.9724029541015625 0.6403759479522705 0.03622894287109375 0.0995060920715332
4 0.8446866989135742 0.6447204113006592 0.02995891571044922 0.058997058868408205
4 0.5383063793182373 0.599993896484375 0.030523014068603516 0.05425701141357422
4 0.7330345153808594 0.6201346397399903 0.02843751907348633 0.07313957214355468
4 0.97362060546875 0.6590927124023438 0.035284996032714844 0.0627889633178711
4 0.37214102745056155 0.5639596939086914 0.021065616607666017 0.04384536743164062
4 0.34037275314331056 0.5585212707519531 0.02089862823486328 0.0383026123046875
4 0.4895161151885986 0.59221510887146 0.027501583099365234 0.048175621032714847
4 0.44697117805480957 0.5749749660491943 0.01913766860961914 0.06202011108398438
4 0.2925410270690918 0.5475904464721679 0.016666126251220704 0.03895378112792969
0 0.6414191246032714 0.505723237991333 0.06076793670654297 0.05288553237915039
4 0.5856978416442871 0.6009836673736573 0.021065139770507814 0.055456924438476565
4 0.3104252338409424 0.5514807224273681 0.019839096069335937 0.0413060188293457
4 0.2431926965713501 0.5347176551818847 0.014873695373535157 0.03436336517333984
4 0.11551697254180908 0.5076024055480957 0.010819220542907714 0.02731800079345703
4 0.9910234451293946 0.6576303482055664 0.016913986206054686 0.06252040863037109
