2 0.012525390088558196 0.5615765571594238 0.025050780177116393 0.06578006744384765
4 0.6888508319854736 0.6578872680664063 0.024112510681152343 0.06313190460205079
4 0.9054191589355469 0.6752496719360351 0.03135986328125 0.0680938720703125
4 0.42906713485717773 0.6296224594116211 0.023448848724365236 0.050237083435058595
4 0.4771872520446777 0.6376667022705078 0.022697257995605468 0.04852590560913086
4 0.5968505859375 0.643078088760376 0.02458362579345703 0.06771430969238282
4 0.7926675796508789 0.6639504432678223 0.028910255432128905 0.06904373168945313
4 0.9072278022766114 0.6669734001159668 0.03645458221435547 0.08530044555664062
4 0.5359692573547363 0.6431678771972656 0.02370033264160156 0.05224933624267578
4 0.3027143716812134 0.6127166748046875 0.020538520812988282 0.043632888793945314
4 0.33992767333984375 0.618196964263916 0.022744178771972656 0.04266929626464844
4 0.11987839937210083 0.589267349243164 0.01667478084564209 0.037095069885253906
4 0.058289957046508786 0.5830153465270996 0.014118504524230958 0.03279743194580078
