2 0.012322851270437241 0.560631275177002 0.024645702540874483 0.06158390045166016
1 0.013251718878746033 0.5768121719360352 0.026503437757492067 0.036787796020507815
4 0.6912887573242188 0.663532829284668 0.02583465576171875 0.04925518035888672
4 0.9079606056213378 0.6748061180114746 0.03402023315429688 0.06862850189208984
4 0.5364575862884522 0.644664192199707 0.023777103424072264 0.050201034545898436
4 0.4765265941619873 0.6379833221435547 0.02336721420288086 0.04745073318481445
4 0.12068432569503784 0.588907527923584 0.015913629531860353 0.03623199462890625
4 0.30231752395629885 0.6116477966308593 0.019487619400024414 0.04557094573974609
0 0.5298630714416503 0.5590193748474122 0.06685819625854492 0.044963836669921875
4 0.058932709693908694 0.5816017150878906 0.014478540420532227 0.034464454650878905
4 0.27663240432739256 0.6073811531066895 0.01873016357421875 0.04229106903076172
4 0.7954739570617676 0.663839054107666 0.03636989593505859 0.07098541259765626
4 0.38254261016845703 0.6240433692932129 0.020727157592773438 0.04466037750244141
4 0.43248376846313474 0.6287116050720215 0.02237281799316406 0.05023269653320313
4 0.14584373235702514 0.5893049240112305 0.01894872188568115 0.040435409545898436
4 0.34000434875488283 0.616357946395874 0.022445106506347658 0.046778392791748044
4 0.6907065391540528 0.6498453617095947 0.027461433410644533 0.07664680480957031
4 0.23203864097595214 0.6016956329345703 0.017583513259887697 0.043653106689453124
