4 0.4482602119445801 0.6743987083435059 0.13319816589355468 0.33242549896240237
0 0.4573676586151123 0.40978374481201174 0.22068510055541993 0.27630043029785156
0 0.2235084056854248 0.35944442749023436 0.09427366256713868 0.08144540786743164
1 0.048099690675735475 0.39979257583618166 0.06070467233657837 0.07845230102539062
2 0.05085830688476563 0.38153324127197263 0.03584398925304413 0.10119552612304687
1 0.8099617004394531 0.4432039737701416 0.14739246368408204 0.25374364852905273
0 0.3108964204788208 0.35571894645690916 0.12454533576965332 0.10003080368041992
2 0.7109738349914551 0.3018189907073975 0.030455589294433594 0.09527664184570313
4 0.12678830623626708 0.39477062225341797 0.013431334495544433 0.03425788879394531
2 0.7118427276611328 0.2762054204940796 0.02714691162109375 0.042824745178222656
2 0.04493136405944824 0.38309445381164553 0.04987709522247315 0.10488319396972656
0 0.6658877372741699 0.28513364791870116 0.06193122863769531 0.03438215255737305
