4 0.5446212768554688 0.6746875762939453 0.09208507537841797 0.18861637115478516
4 0.1443265676498413 0.685444450378418 0.11106739044189454 0.2573551177978516
4 0.338564133644104 0.7458739757537842 0.10001573562622071 0.3071307182312012
4 0.7513957023620605 0.5857584953308106 0.056032752990722655 0.1255101203918457
4 0.6406008720397949 0.6192169189453125 0.06847972869873047 0.138580322265625
4 0.8060662269592285 0.560392951965332 0.050683784484863284 0.11475067138671875
4 0.3814990043640137 0.6128303527832031 0.07559261322021485 0.1725555419921875
4 0.8555702209472656 0.5485722541809082 0.03982467651367187 0.09843072891235352
4 0.6067795753479004 0.5456067085266113 0.047904586791992186 0.1169290542602539
4 0.5034627437591552 0.5737271308898926 0.048059272766113284 0.1436330795288086
4 0.8791413307189941 0.5392615318298339 0.03199062347412109 0.07612533569335937
4 0.7111852645874024 0.5198742866516113 0.03414173126220703 0.08511848449707031
