4 0.14272959232330323 0.6847896099090576 0.1129148006439209 0.25945730209350587
4 0.5440820693969727 0.6763693809509277 0.09183006286621094 0.19062328338623047
4 0.3419502258300781 0.7363150596618653 0.10948262214660645 0.31599864959716795
4 0.36844620704650877 0.6090563297271728 0.07121648788452148 0.17484169006347655
4 0.7565643787384033 0.5831074714660645 0.06767864227294922 0.12814922332763673
4 0.6441893577575684 0.6187746047973632 0.061126708984375 0.1414459228515625
4 0.8044947624206543 0.5623285293579101 0.04730510711669922 0.1152562141418457
4 0.6055299758911132 0.54519681930542 0.044235610961914064 0.1218764305114746
4 0.7099567413330078 0.5190758228302002 0.03228073120117188 0.09007596969604492
4 0.8785440444946289 0.5376180171966553 0.03585739135742187 0.08015165328979493
4 0.5040902137756348 0.5729724884033203 0.05544919967651367 0.15522823333740235
4 0.8534490585327148 0.5485718727111817 0.044977569580078126 0.10019474029541016
