4 0.18012388944625854 0.6951154708862305 0.11975705623626709 0.3568269729614258
4 0.4296830177307129 0.6239542007446289 0.07576141357421876 0.20539798736572265
4 0.26279990673065184 0.5509331703186036 0.07713608741760254 0.19573516845703126
2 0.05353742837905884 0.3955593824386597 0.05124982595443726 0.15267443656921387
4 0.7222568988800049 0.505673599243164 0.041925811767578126 0.11410198211669922
4 0.667870044708252 0.5283890724182129 0.0507293701171875 0.13181028366088868
4 0.5633868217468262 0.5526266098022461 0.052654075622558597 0.16499557495117187
4 0.7781245231628418 0.48879423141479494 0.0359593391418457 0.10627498626708984
4 0.5263875961303711 0.48897571563720704 0.0454498291015625 0.1239243507385254
4 0.023091797530651093 0.6322607517242431 0.046183595061302186 0.2948263168334961
4 0.8027858734130859 0.4827880859375 0.026913833618164063 0.07996616363525391
4 0.6337983131408691 0.46210737228393556 0.034068870544433597 0.09439010620117187
4 0.5882520198822021 0.4663422107696533 0.028642749786376952 0.11235551834106446
4 0.4172675132751465 0.5030397415161133 0.04129323959350586 0.1622455596923828
4 0.7468817234039307 0.481402063369751 0.025405406951904297 0.06310205459594727
