4 0.09516259431838989 0.6509679794311524 0.09298593997955322 0.22475643157958985
4 0.2887996196746826 0.6989622116088867 0.08702163696289063 0.2592319488525391
4 0.5497832298278809 0.559485387802124 0.050963211059570315 0.13712892532348633
4 0.6040858745574951 0.5285198211669921 0.04232025146484375 0.11609745025634766
4 0.44013299942016604 0.6056271553039551 0.053866004943847655 0.1722701072692871
4 0.4005462646484375 0.5367489814758301 0.0461277961730957 0.13076248168945312
4 0.6564125061035156 0.5054256916046143 0.03818302154541016 0.10702781677246094
4 0.6805548667907715 0.49607372283935547 0.02661476135253906 0.07786521911621094
4 0.5120383262634277 0.4947666168212891 0.03177194595336914 0.09375381469726562
4 0.46538867950439455 0.5051111221313477 0.03516826629638672 0.11995010375976563
4 0.02521752715110779 0.9075960159301758 0.050410449504852295 0.18480796813964845
4 0.027540439367294313 0.8603912353515625 0.055080878734588626 0.278985595703125
4 0.038507431745529175 0.9005764961242676 0.07697962522506714 0.19884700775146485
4 0.2781072616577148 0.5743884563446044 0.04427022933959961 0.16399545669555665
