4 0.32218520641326903 0.610996150970459 0.06414599418640136 0.20388736724853515
4 0.10718674659729004 0.7439165115356445 0.12095365524291993 0.3139230728149414
4 0.5185965538024903 0.523961353302002 0.04323234558105469 0.12729454040527344
4 0.45626239776611327 0.5598140716552734 0.055625629425048825 0.15248279571533202
4 0.15619758367538453 0.5610518455505371 0.06557037830352783 0.22018604278564452
4 0.5769806385040284 0.5032587051391602 0.03556947708129883 0.10574893951416016
4 0.29000828266143797 0.5286284446716308 0.0479884147644043 0.148883056640625
4 0.6012821197509766 0.4885124206542969 0.0274810791015625 0.08293361663818359
4 0.4263885021209717 0.48401589393615724 0.03405179977416992 0.10038537979125976
4 0.3687021255493164 0.4884478569030762 0.04294891357421875 0.1459798812866211
4 0.47882637977600095 0.4693271636962891 0.022966766357421876 0.08629837036132812
