4 0.16286156177520753 0.6038754463195801 0.0886202335357666 0.2055419921875
4 0.3437493324279785 0.6544493675231934 0.07883291244506836 0.23237533569335939
4 0.5111605644226074 0.5847559452056885 0.0720743179321289 0.1779327392578125
4 0.6493714332580567 0.5256333351135254 0.04517993927001953 0.1058699607849121
4 0.6811507225036622 0.5055807113647461 0.03790740966796875 0.09162826538085937
4 0.5821289539337158 0.546974515914917 0.04890890121459961 0.13373737335205077
4 0.06231812238693237 0.8346212387084961 0.12461664676666259 0.3301736831665039
4 0.41785764694213867 0.5151848793029785 0.056357407569885255 0.1365659713745117
4 0.32786147594451903 0.5454007625579834 0.060146236419677736 0.14659452438354492
4 0.4845935821533203 0.4991921901702881 0.034276580810546874 0.10823917388916016
4 0.61610426902771 0.5102581977844238 0.03347969055175781 0.06293907165527343
