4 0.06507790088653564 0.7992904663085938 0.1301558017730713 0.40093288421630857
4 0.1666000247001648 0.6015858173370361 0.10436575412750244 0.21249685287475586
4 0.3463008403778076 0.6538037776947021 0.08312482833862304 0.23365135192871095
4 0.5071249961853027 0.5850625991821289 0.06264533996582031 0.17668609619140624
4 0.6493855476379394 0.5286341190338135 0.04624881744384766 0.09978456497192383
4 0.5767824172973632 0.5479035377502441 0.061313819885253903 0.1427288055419922
4 0.6813493251800538 0.5079038143157959 0.04236249923706055 0.08841152191162109
2 0.7889637470245361 0.3788915634155273 0.027713298797607422 0.11269254684448242
4 0.3313650369644165 0.5452382087707519 0.05500435829162598 0.15456886291503907
4 0.4174403190612793 0.5148050308227539 0.05777604579925537 0.13806495666503907
4 0.5452237129211426 0.48765077590942385 0.029518890380859374 0.08502635955810547
4 0.4848660945892334 0.5063876628875732 0.04334383010864258 0.11551132202148437
4 0.1719892978668213 0.4897910118103027 0.03673577308654785 0.05193023681640625
