4 0.6627811431884766 0.6252248287200928 0.04659252166748047 0.12752189636230468
4 0.588266134262085 0.6495210647583007 0.0592193603515625 0.15432910919189452
4 0.3069493293762207 0.7690441131591796 0.11723670959472657 0.28590869903564453
4 0.49735422134399415 0.6895230293273926 0.07056465148925781 0.21214866638183594
4 0.09115607738494873 0.6981181144714356 0.1243520736694336 0.26416606903076173
4 0.6938460350036622 0.6061732292175293 0.03825931549072266 0.1000626564025879
4 0.5509393692016602 0.5872469425201416 0.0359771728515625 0.08315896987915039
4 0.6254066467285156 0.6102315425872803 0.03751316070556641 0.06838026046752929
4 0.41047964096069334 0.617470121383667 0.058949947357177734 0.13676042556762696
4 0.49019947052001955 0.6066123008728027 0.04036769866943359 0.08930740356445313
