4 0.2952789306640625 0.7960746765136719 0.09346132278442383 0.23947467803955078
4 0.10785140991210937 0.7007998466491699 0.10543408393859863 0.2630319595336914
4 0.5871161937713623 0.6482653141021728 0.05718984603881836 0.157879638671875
4 0.6605155944824219 0.6304341793060303 0.041912269592285153 0.11453428268432617
4 0.5062737464904785 0.6705201148986817 0.08843231201171875 0.24214916229248046
4 0.6953886032104493 0.609217357635498 0.04160261154174805 0.09232568740844727
4 0.32007977962493894 0.6519232749938965 0.08136582374572754 0.17500171661376954
4 0.4067577362060547 0.6215885639190674 0.05733785629272461 0.12904777526855468
4 0.5538497924804687 0.587770938873291 0.043817901611328126 0.08207683563232422
4 0.6261308193206787 0.6122859001159668 0.03368873596191406 0.0676177978515625
4 0.4736795902252197 0.621668529510498 0.028975391387939455 0.06668834686279297
4 0.3137946605682373 0.6560022354125976 0.05880293846130371 0.16819391250610352
