4 0.08242568969726563 0.7314044952392578 0.09681730270385742 0.23413238525390626
4 0.3138528823852539 0.782323694229126 0.09227867126464843 0.27901105880737304
4 0.5472827911376953 0.6696085929870605 0.04954204559326172 0.15535507202148438
4 0.4475119113922119 0.715016508102417 0.06401004791259765 0.18122682571411133
4 0.5862558841705322 0.6495882034301758 0.04157438278198242 0.10955028533935547
4 0.24380943775177003 0.6740995407104492 0.057375001907348636 0.17477073669433593
4 0.5155653953552246 0.6418593406677247 0.03843402862548828 0.10227499008178711
4 0.3546443462371826 0.6449934482574463 0.04222822189331055 0.13218154907226562
4 0.4318867206573486 0.6187674045562744 0.03368644714355469 0.11564950942993164
4 0.47870144844055174 0.6361605167388916 0.0316741943359375 0.09766168594360351
