4 0.5074854850769043 0.7249388694763184 0.08063507080078125 0.23656558990478516
4 0.06333234906196594 0.7358776092529297 0.11139005422592163 0.27408676147460936
4 0.2980989694595337 0.8279644966125488 0.12283840179443359 0.3440710067749023
4 0.6492521286010742 0.660443115234375 0.061217308044433594 0.19004058837890625
4 0.6222182273864746 0.6141387939453125 0.04419708251953125 0.11942405700683593
4 0.7060999870300293 0.620587968826294 0.05132865905761719 0.1492382049560547
4 0.42782793045043943 0.6159278392791748 0.04713907241821289 0.15115728378295898
4 0.5767642974853515 0.6066003799438476 0.04573612213134766 0.110491943359375
4 0.2762465953826904 0.6592136859893799 0.052747344970703124 0.20154733657836915
4 0.5327818393707275 0.5832329750061035 0.03839445114135742 0.13344554901123046
