4 0.5120110511779785 0.7792608261108398 0.09279489517211914 0.27501773834228516
4 0.7364462852478028 0.6373476505279541 0.05900630950927734 0.14472389221191406
4 0.6011866569519043 0.614586353302002 0.04741802215576172 0.1215423583984375
4 0.674852991104126 0.689955472946167 0.06946048736572266 0.19732894897460937
4 0.42753067016601565 0.637332534790039 0.05148162841796875 0.1589508056640625
4 0.26100811958312986 0.6647297859191894 0.046909523010253903 0.15339527130126954
4 0.6484976768493652 0.6242048263549804 0.045875930786132814 0.1259479522705078
4 0.5492949485778809 0.5968463897705079 0.04718475341796875 0.12555198669433593
4 0.26570634841918944 0.9686417579650879 0.051096630096435544 0.06265468597412109
4 0.2667688369750977 0.9687324523925781 0.03316802978515625 0.06253509521484375
