4 0.49410333633422854 0.7405852317810059 0.11138648986816406 0.35004463195800783
4 0.6974759578704834 0.6205086708068848 0.08350305557250977 0.24429073333740234
4 0.7667670249938965 0.5651458740234375 0.06132526397705078 0.16214637756347655
4 0.20503029823303223 0.6678966045379638 0.08617726564407349 0.17497549057006836
4 0.11737918853759766 0.8652761459350586 0.1421060562133789 0.2694362163543701
4 0.6668628215789795 0.5521883010864258 0.05314760208129883 0.10820465087890625
4 0.4129642009735107 0.5611576080322266 0.07934064865112304 0.1645336151123047
4 0.6094738960266113 0.5568599700927734 0.05569515228271484 0.09189815521240234
4 0.5549758911132813 0.5204304695129395 0.05424308776855469 0.17484893798828124
4 0.20610992908477782 0.606058406829834 0.09098320007324219 0.29484901428222654
4 0.1254568338394165 0.8662968635559082 0.2102433204650879 0.2674062728881836
