4 0.16209970712661742 0.7240818023681641 0.09398219585418702 0.25809249877929685
4 0.5392333984375 0.6788275718688965 0.08093681335449218 0.197074031829834
4 0.3467670440673828 0.760252046585083 0.09444456100463867 0.3225680351257324
4 0.7205770492553711 0.5785427093505859 0.05185756683349609 0.12588119506835938
4 0.765906286239624 0.5600403308868408 0.03951597213745117 0.09975910186767578
4 0.8146173477172851 0.5378484725952148 0.03556804656982422 0.08820571899414062
4 0.634791088104248 0.6115937232971191 0.052795028686523436 0.15053043365478516
4 0.3575303554534912 0.6440996170043946 0.08052186965942383 0.1430736541748047
4 0.5010324001312256 0.5765135765075684 0.0512120246887207 0.14587869644165039
4 0.3467203140258789 0.8093193054199219 0.09390535354614257 0.22399373054504396
4 0.577033281326294 0.549942922592163 0.04120473861694336 0.1161656379699707
4 0.16195194721221923 0.5640122413635253 0.024343490600585938 0.036346054077148436
4 0.8352668762207032 0.5259567260742187 0.024703598022460936 0.07795219421386719
4 0.7093207359313964 0.5030533790588378 0.03367328643798828 0.09069614410400391
