4 0.15445436239242555 0.7254856109619141 0.10744850635528565 0.24846954345703126
4 0.5318257331848144 0.6868454933166503 0.06804370880126953 0.18781986236572265
2 0.21763386726379394 0.4814079761505127 0.052713191509246825 0.13564624786376953
4 0.34720027446746826 0.730309534072876 0.12038826942443848 0.3811663627624512
4 0.49120302200317384 0.5700873374938965 0.0622711181640625 0.1675861358642578
4 0.7208066940307617 0.5743254661560059 0.052821922302246097 0.13498706817626954
4 0.6284476757049561 0.611848258972168 0.05900516510009766 0.1527608871459961
4 0.8146604537963867 0.5415311813354492 0.033840179443359375 0.08717498779296876
4 0.7641486167907715 0.5584507942199707 0.05408344268798828 0.10333995819091797
4 0.3431627511978149 0.7892953872680664 0.11088075637817382 0.263715934753418
4 0.8399723052978516 0.5249052524566651 0.03677291870117187 0.0766387939453125
4 0.5779863357543945 0.5463946342468262 0.0475341796875 0.11129913330078126
4 0.34394662380218505 0.6695577144622803 0.05309453010559082 0.0972559928894043
4 0.6736315727233887 0.5196730136871338 0.029036521911621094 0.0865560531616211
