4 0.26297726631164553 0.7170324802398682 0.07660560607910157 0.24046945571899414
2 0.34156873226165774 0.511824655532837 0.056288290023803714 0.15297651290893555
4 0.44763708114624023 0.7745338916778565 0.105824875831604 0.22611494064331056
4 0.4026210784912109 0.6521257400512696 0.05567789077758789 0.15078277587890626
4 0.6467053413391113 0.6384523868560791 0.046848106384277347 0.138930606842041
4 0.5708735942840576 0.6894292831420898 0.05950212478637695 0.18531761169433594
4 0.4326494216918945 0.7802490711212158 0.07607686519622803 0.22071447372436523
4 0.7186471939086914 0.6131920337677002 0.04825935363769531 0.11385946273803711
4 0.5097759246826172 0.5945958137512207 0.056138229370117185 0.1542724609375
4 0.754551887512207 0.5947443962097168 0.04356651306152344 0.096063232421875
4 0.4319944381713867 0.8406999588012696 0.07260644435882568 0.09947047233581544
4 0.7959585189819336 0.5756383895874023 0.03442802429199219 0.09107666015625
4 0.6262918949127197 0.564235782623291 0.031635093688964847 0.09699325561523438
4 0.8141005516052247 0.5568183898925781 0.02954578399658203 0.09143028259277344
