4 0.4932316780090332 0.7449518203735351 0.11350746154785156 0.34236488342285154
4 0.695140266418457 0.6401008605957031 0.07919034957885743 0.20688199996948242
4 0.7673516273498535 0.5541104793548584 0.06114635467529297 0.18206281661987306
4 0.20482876300811767 0.637140941619873 0.08859553337097167 0.2187368392944336
4 0.5515241622924805 0.5087141513824462 0.04968948364257812 0.14694128036499024
4 0.6590322494506836 0.5503574848175049 0.05598468780517578 0.15452356338500978
4 0.11988344192504882 0.8565027236938476 0.1449221134185791 0.28699445724487305
4 0.4184075355529785 0.5668346405029296 0.08103923797607422 0.16854896545410156
4 0.40849814414978025 0.5668850898742676 0.05855216979980469 0.16061878204345703
4 0.6092002868652344 0.5388747215270996 0.0429168701171875 0.1319223403930664
4 0.20755419731140137 0.6020243644714356 0.0988343358039856 0.29239768981933595
4 0.08370486497879029 0.9679292678833008 0.04582655429840088 0.06414146423339843
