4 0.11565552949905396 0.7253247261047363 0.12973968982696532 0.3864419937133789
4 0.2094480276107788 0.5747422218322754 0.07801718711853027 0.2025470733642578
4 0.382384204864502 0.6321956157684326 0.08007850646972656 0.23131160736083983
4 0.5192267417907714 0.5587690353393555 0.051790618896484376 0.16956214904785155
4 0.6248239517211914 0.5249981880187988 0.04907159805297852 0.14078807830810547
4 0.6790194511413574 0.5058985710144043 0.04129304885864258 0.11377458572387696
4 0.4826364517211914 0.49610395431518556 0.04461822509765625 0.12829952239990233
4 0.7327130794525146 0.4886343479156494 0.03676118850708008 0.09891996383666993
4 0.5451740264892578 0.4666747093200684 0.033803367614746095 0.13111648559570313
4 0.7585999488830566 0.4758587837219238 0.028910064697265626 0.08505764007568359
4 0.5903378486633301 0.46547651290893555 0.030992889404296876 0.09267177581787109
4 0.3696436882019043 0.5155592918395996 0.040873241424560544 0.16511116027832032
4 0.7023869514465332 0.4812186241149902 0.024272346496582033 0.056359386444091795
