4 0.2625924587249756 0.7174161911010742 0.07578248977661133 0.24077339172363282
4 0.4460114002227783 0.7817051410675049 0.1101618766784668 0.21313199996948243
4 0.40602936744689944 0.6460028648376465 0.05982770919799805 0.15670928955078126
4 0.570966386795044 0.7011165142059326 0.05960512161254883 0.16373376846313475
4 0.6439697265625 0.6334263801574707 0.05288829803466797 0.1463306427001953
4 0.5141695022583008 0.5963445663452148 0.053145217895507815 0.15092411041259765
4 0.7188995361328125 0.6178459167480469 0.048375701904296874 0.10608577728271484
4 0.7565803527832031 0.594588041305542 0.03854827880859375 0.09310827255249024
4 0.7951597213745117 0.579434585571289 0.03324203491210938 0.0800750732421875
4 0.8130141258239746 0.5570975780487061 0.03370380401611328 0.09214868545532226
