4 0.07051293849945069 0.7330694198608398 0.12617225646972657 0.26305370330810546
4 0.5083040237426758 0.7221607208251953 0.07914218902587891 0.2316873550415039
4 0.6539120197296142 0.6562180519104004 0.07158889770507812 0.18848915100097657
4 0.4237826347351074 0.6120586395263672 0.04256000518798828 0.1462169647216797
4 0.2882239580154419 0.8315446853637696 0.12174491882324219 0.3328972339630127
4 0.7076411247253418 0.6219930171966552 0.05213737487792969 0.13275461196899413
4 0.29736781120300293 0.6995593070983886 0.055217647552490236 0.11051425933837891
4 0.5341282367706299 0.5827414512634277 0.048587799072265625 0.15055789947509765
2 0.8746648788452148 0.442659854888916 0.03368091583251953 0.1316531181335449
4 0.5769491195678711 0.5931071281433106 0.045687294006347655 0.12938785552978516
