4 0.0663663923740387 0.7294514179229736 0.11628183126449584 0.2728434562683105
4 0.6532094955444336 0.6536030769348145 0.07176876068115234 0.1903749465942383
4 0.5026569366455078 0.7402571678161621 0.0862588882446289 0.19944210052490235
4 0.318724250793457 0.8403105735778809 0.1209334373474121 0.3187843322753906
4 0.42105803489685056 0.615192461013794 0.05883474349975586 0.14954214096069335
4 0.7010151863098144 0.626118278503418 0.06414947509765626 0.13294410705566406
4 0.2599306106567383 0.705362606048584 0.048184967041015624 0.11277236938476562
4 0.5318156242370605 0.5859921455383301 0.04673757553100586 0.12092008590698242
4 0.5766500473022461 0.5982105255126953 0.040185070037841795 0.11763687133789062
4 0.31771364212036135 0.7663863182067872 0.12399482727050781 0.467194938659668
