4 0.5058451175689698 0.7384443759918213 0.11589336395263672 0.3564082145690918
4 0.700619125366211 0.641053295135498 0.09258108139038086 0.20203933715820313
4 0.7672162532806397 0.5723105907440186 0.06176300048828125 0.15761442184448243
4 0.5546919822692871 0.511147928237915 0.03990154266357422 0.13656530380249024
4 0.6095973968505859 0.5549904823303222 0.037849044799804686 0.09726104736328126
4 0.08776195645332337 0.8736736297607421 0.12758587598800658 0.252652645111084
4 0.6054129123687744 0.5357230186462403 0.04549875259399414 0.1341231346130371
4 0.2035519599914551 0.6197349071502686 0.07668771743774414 0.2546225547790527
4 0.21562731266021729 0.6252865791320801 0.11336450576782227 0.27646846771240235
4 0.13125582933425903 0.9603415489196777 0.07394955158233643 0.07931690216064453
4 0.13011014461517334 0.960633373260498 0.04853010177612305 0.07873325347900391
