4 0.4932724475860596 0.7157939910888672 0.08144636154174804 0.17540569305419923
4 0.7513899803161621 0.7824604034423828 0.10221672058105469 0.23853378295898436
4 0.33879814147949217 0.6535358905792237 0.06543283462524414 0.14077529907226563
4 0.05760823488235474 0.5769917964935303 0.039717385172843934 0.07360124588012695
4 0.4578660011291504 0.5912065505981445 0.04709548950195312 0.12064952850341797
4 0.8030735969543457 0.7132447719573974 0.07467861175537109 0.22003755569458008
4 0.23560352325439454 0.6289722442626953 0.04758167266845703 0.11075973510742188
4 0.3626418113708496 0.5787236213684082 0.04245615005493164 0.11351795196533203
4 0.8473876953125 0.6864451885223388 0.06094207763671875 0.19998254776000976
4 0.27308542728424073 0.5674750804901123 0.041614532470703125 0.09585151672363282
4 0.095606130361557 0.5743471145629883 0.04396921396255493 0.10684680938720703
4 0.8602645874023438 0.6540891170501709 0.07971229553222656 0.1793581008911133
4 0.2033539295196533 0.5666913032531739 0.03480110168457031 0.06942596435546874
4 0.12248644828796387 0.5567703723907471 0.033771514892578125 0.07573680877685547
4 0.743952465057373 0.6231987953186036 0.03627338409423828 0.0862649917602539
4 0.1676117181777954 0.5946643352508545 0.04473233222961426 0.1056431770324707
4 0.46135663986206055 0.5055962562561035 0.017011260986328124 0.025329399108886718
2 0.5698020458221436 0.49498867988586426 0.01022186279296875 0.021879863739013673
4 0.6144745349884033 0.6430197715759277 0.054277801513671876 0.08675832748413086
4 0.6153399467468261 0.6221212387084961 0.054323005676269534 0.1293201446533203
