4 0.7552370071411133 0.7752930164337158 0.09534759521484375 0.25182714462280276
4 0.49526276588439944 0.7261469841003418 0.08518791198730469 0.15352230072021483
4 0.23447322845458984 0.6252231597900391 0.04592685699462891 0.11703205108642578
4 0.6128837585449218 0.6172088623046875 0.05135126113891601 0.13831596374511718
4 0.8133376121520997 0.7112908840179444 0.06717491149902344 0.22158174514770507
4 0.3288900375366211 0.652194595336914 0.06080403327941895 0.12134227752685547
4 0.12579529285430907 0.553133487701416 0.029665231704711914 0.08245306015014649
4 0.8703673362731934 0.6572656631469727 0.08259830474853516 0.17176952362060546
4 0.058300113677978514 0.5732800483703613 0.03999011516571045 0.07983531951904296
4 0.8487740516662597 0.6768464088439942 0.07107181549072265 0.2045846939086914
4 0.3666469812393188 0.5917759418487549 0.04236249923706055 0.08553609848022461
4 0.2775982141494751 0.5678736686706543 0.0460568904876709 0.0972909927368164
4 0.16753345727920532 0.5959218978881836 0.04402172565460205 0.10053167343139649
4 0.20503993034362794 0.5562228202819824 0.03455342054367065 0.08913555145263671
0 0.34836032390594485 0.510681438446045 0.05999751091003418 0.025066184997558593
4 0.09727184772491455 0.5729746341705322 0.046024203300476074 0.10516538619995117
2 0.9662493705749512 0.49514427185058596 0.023529815673828124 0.097271728515625
