4 0.7507143974304199 0.7791318893432617 0.10355052947998047 0.2427509307861328
4 0.8086947441101074 0.7129432201385498 0.07049121856689453 0.21824731826782226
4 0.47792911529541016 0.7038157463073731 0.09565525054931641 0.19519901275634766
4 0.6126850128173829 0.6138615131378173 0.06130161285400391 0.14620771408081054
4 0.33951826095581056 0.6552692413330078 0.07098913192749023 0.13294601440429688
4 0.23742856979370117 0.6299448013305664 0.055974388122558595 0.10830821990966796
4 0.16921026706695558 0.5951256275177002 0.044419288635253906 0.10243082046508789
2 0.8324552536010742 0.49083971977233887 0.015618896484375 0.057343673706054685
4 0.20232069492340088 0.565580177307129 0.03234705924987793 0.07134475708007812
4 0.36181106567382815 0.5787622451782226 0.04173736572265625 0.10230979919433594
4 0.09678610563278198 0.5853601455688476 0.044347286224365234 0.08069133758544922
4 0.05956568717956543 0.5768366813659668 0.04231153726577759 0.07179183959960937
4 0.12283210754394532 0.551927900314331 0.03480534553527832 0.08371343612670898
4 0.8700565338134766 0.6583613395690918 0.08022880554199219 0.16141605377197266
4 0.27393856048583987 0.5669345378875732 0.03955516815185547 0.09468584060668946
4 0.4604784488677979 0.5739340782165527 0.0405674934387207 0.15401973724365234
2 0.569669532775879 0.49462547302246096 0.009013748168945313 0.021379661560058594
