2 0.8586498260498047 0.5367883682250977 0.04701499938964844 0.20555171966552735
4 0.4578563690185547 0.7308365345001221 0.08125972747802734 0.20016851425170898
4 0.7176487922668457 0.7909999847412109 0.10149669647216797 0.26364822387695314
4 0.5850611686706543 0.6374563217163086 0.05085124969482422 0.14952030181884765
4 0.3119236946105957 0.6753649711608887 0.07057323455810546 0.15558910369873047
4 0.7732498168945312 0.7377346992492676 0.08208160400390625 0.21467170715332032
4 0.0256816565990448 0.5945865631103515 0.04174308776855469 0.10423774719238281
4 0.17491281032562256 0.5896197319030761 0.03413083553314209 0.08345985412597656
4 0.0630023181438446 0.6065635681152344 0.04297747611999512 0.1057586669921875
4 0.13795685768127441 0.6238141059875488 0.04581403732299805 0.10821475982666015
4 0.2064270257949829 0.6468758583068848 0.04888815879821777 0.1314159393310547
4 0.44051008224487304 0.6086837768554687 0.05399665832519531 0.13940486907958985
4 0.09517682790756225 0.5873914241790772 0.03451559543609619 0.07410078048706055
4 0.832707405090332 0.6816960334777832 0.05951671600341797 0.16707534790039064
4 0.24646010398864746 0.5897419452667236 0.040694808959960936 0.11167001724243164
4 0.3372673749923706 0.6062776565551757 0.048312711715698245 0.11744956970214844
4 0.808521842956543 0.706860876083374 0.06722412109375 0.1980341911315918
