2 0.8592247009277344 0.5368952274322509 0.04692497253417969 0.20508623123168945
4 0.7277169704437256 0.7867593765258789 0.10066642761230468 0.27493724822998045
4 0.45293426513671875 0.7255382537841797 0.09217872619628906 0.21060523986816407
4 0.5849266052246094 0.6374670982360839 0.059467315673828125 0.15027809143066406
4 0.306212854385376 0.6728782653808594 0.05654449462890625 0.15781764984130858
4 0.7644731521606445 0.7387365818023681 0.06910419464111328 0.20086660385131835
4 0.17595688104629517 0.591681957244873 0.0364879846572876 0.08048686981201172
4 0.024318978190422058 0.5979423999786377 0.039432293176651 0.09710931777954102
4 0.24570183753967284 0.5960819244384765 0.03996086120605469 0.09810752868652343
4 0.2082282543182373 0.656184196472168 0.04889826774597168 0.11870670318603516
4 0.06231752038002014 0.6049820899963378 0.04184846878051758 0.10995340347290039
4 0.43050012588500974 0.6114968299865723 0.04217967987060547 0.1339493751525879
4 0.09260290265083312 0.5870202064514161 0.035122597217559816 0.07796573638916016
4 0.336818528175354 0.6091856956481934 0.04089503288269043 0.10768165588378906
4 0.800294303894043 0.7098276138305664 0.06967701911926269 0.18848934173583984
2 0.5445955753326416 0.5176821708679199 0.009798336029052734 0.021368980407714844
4 0.8306702613830567 0.7289196014404297 0.06275558471679688 0.06579875946044922
