2 0.917997169494629 0.480194616317749 0.061910247802734374 0.24873228073120118
4 0.45873250961303713 0.6660809993743897 0.08782901763916015 0.21380834579467772
4 0.839754295349121 0.619939136505127 0.060807991027832034 0.1663663864135742
4 0.591515588760376 0.5814857482910156 0.05331754684448242 0.14719905853271484
4 0.09944992065429688 0.5301286697387695 0.03280982971191406 0.08133697509765625
4 0.8124296188354492 0.6451775550842285 0.06531772613525391 0.20071048736572267
4 0.030295094847679137 0.5538533210754395 0.04008552432060242 0.07638721466064453
4 0.3076340675354004 0.6230685234069824 0.06322360038757324 0.1362010955810547
4 0.21070258617401122 0.596398401260376 0.04803524017333984 0.11640958786010742
4 0.18069593906402587 0.533879280090332 0.036430644989013675 0.08612861633300781
4 0.06798986196517945 0.5511369228363037 0.0420986533164978 0.10707902908325195
4 0.43587355613708495 0.5565485000610352 0.04317407608032227 0.13299808502197266
4 0.2504242420196533 0.5437871932983398 0.038858985900878905 0.09223365783691406
4 0.14304810762405396 0.5714750289916992 0.04534478187561035 0.10483379364013672
4 0.7141046524047852 0.7273738861083985 0.09660701751708985 0.2565479278564453
4 0.7682637214660645 0.676362133026123 0.0861673355102539 0.2215658187866211
4 0.34471769332885743 0.5537142753601074 0.04352283477783203 0.1071096420288086
