2 0.9171941757202149 0.4805323600769043 0.06332473754882813 0.24740352630615234
4 0.46367177963256834 0.6699448585510254 0.0771453857421875 0.20635051727294923
4 0.7176824569702148 0.7302050113677978 0.10298728942871094 0.2655684471130371
4 0.5906068801879882 0.5817913055419922 0.05397987365722656 0.14819202423095704
4 0.31644411087036134 0.6252277374267579 0.06770477294921876 0.14713001251220703
4 0.7715439796447754 0.6856584548950195 0.07411174774169922 0.19639987945556642
4 0.06797471046447753 0.5517058372497559 0.04349958598613739 0.11144561767578125
4 0.10160471200942993 0.5324371337890625 0.03793642520904541 0.07953319549560547
4 0.439188289642334 0.5471705436706543 0.04352626800537109 0.15186290740966796
4 0.14325428009033203 0.5735921382904052 0.04575042724609375 0.10114679336547852
4 0.21192312240600586 0.605744743347168 0.04844199419021607 0.10986690521240235
4 0.7100768089294434 0.6138666152954102 0.029236984252929688 0.08388748168945312
4 0.18334988355636597 0.5376086235046387 0.04208719730377197 0.07817554473876953
4 0.24972262382507324 0.5396346569061279 0.04479303359985352 0.10249643325805664
4 0.3414808988571167 0.5516919612884521 0.05285277366638184 0.11182327270507812
4 0.02553401291370392 0.541973352432251 0.0497708261013031 0.09702138900756836
4 0.8092215538024903 0.6532442569732666 0.04737377166748047 0.1818002700805664
