2 0.9179367065429688 0.48021612167358396 0.0616058349609375 0.24958174228668212
4 0.4629026412963867 0.6891289234161377 0.07959938049316406 0.16806745529174805
4 0.5881071090698242 0.5861421585083008 0.05355262756347656 0.13852510452270508
4 0.727287483215332 0.7342841148376464 0.09557304382324219 0.2512775421142578
4 0.8391952514648438 0.6183201789855957 0.052636337280273435 0.16485214233398438
4 0.31585934162139895 0.6191497802734375 0.07266783714294434 0.15323638916015625
4 0.09683868288993835 0.5311514854431152 0.03420764207839966 0.07779560089111329
4 0.4388033390045166 0.5619466304779053 0.040071964263916016 0.12007741928100586
4 0.06777639985084534 0.5493419170379639 0.04208086729049683 0.11181964874267578
4 0.2080848455429077 0.5882050514221191 0.05388741493225098 0.14189987182617186
4 0.14275739192962647 0.5689911365509033 0.04504060745239258 0.11008625030517578
4 0.25313568115234375 0.5343391418457031 0.042629337310791014 0.11285400390625
4 0.17952544689178468 0.5332279205322266 0.035670900344848634 0.08848657608032226
4 0.8080421447753906 0.6461545944213867 0.04843249320983887 0.19715843200683594
4 0.03075675368309021 0.554533576965332 0.044017326831817624 0.07673835754394531
4 0.3443796634674072 0.5506338596343994 0.04736270904541016 0.11335945129394531
4 0.7629011631011963 0.6904797077178955 0.0748713493347168 0.16775150299072267
4 0.02868658900260925 0.5415226936340332 0.04694910049438476 0.10185174942016602
4 0.46323022842407224 0.5832864761352539 0.021697044372558594 0.06265449523925781
