2 0.960669994354248 0.6037166595458985 0.0786600112915039 0.3554710388183594
4 0.4796315670013428 0.8042251586914062 0.09372339248657227 0.21545672416687012
4 0.7587313652038574 0.8502518653869628 0.09403533935546875 0.29587764739990235
4 0.6156765937805175 0.7009589195251464 0.06069126129150391 0.15312557220458983
4 0.326996374130249 0.7492672443389893 0.062459278106689456 0.15793962478637696
4 0.8113143920898438 0.8013510704040527 0.07825584411621093 0.2255229949951172
4 0.8666796684265137 0.7332696437835693 0.048242378234863284 0.16667661666870118
4 0.049459832906723025 0.6808968544006347 0.041035473346710205 0.1032247543334961
4 0.22931170463562012 0.7233165740966797 0.048798656463623045 0.1511453628540039
2 0.5661780357360839 0.5644148826599121 0.010624504089355469 0.021872901916503908
4 0.15990763902664185 0.70669584274292 0.04823915958404541 0.10797348022460937
4 0.269899320602417 0.6633797645568847 0.04035892486572266 0.1142730712890625
4 0.1994308590888977 0.6665637016296386 0.03560450077056885 0.08523330688476563
4 0.08630237579345704 0.6921396255493164 0.0421105146408081 0.10898246765136718
4 0.8397273063659668 0.7716108322143554 0.06482162475585937 0.19445381164550782
4 0.11638202667236328 0.6670657157897949 0.03034687042236328 0.07667484283447265
