2 0.960086727142334 0.6065564155578613 0.07982654571533203 0.3544178009033203
4 0.48909988403320315 0.8155478477478028 0.07563953399658203 0.19330272674560547
4 0.6153973579406739 0.7006174087524414 0.054180145263671875 0.15268077850341796
4 0.7523168087005615 0.8583663940429688 0.10391969680786133 0.27691082954406737
4 0.08387714028358459 0.7005978584289551 0.04373501539230347 0.08943901062011719
4 0.04717308580875397 0.6955409049987793 0.03709972500801086 0.07727794647216797
4 0.3360159873962402 0.7576573848724365 0.06784486770629883 0.15522184371948242
4 0.23117809295654296 0.7319703578948975 0.05192112922668457 0.1330876350402832
4 0.8634489059448243 0.7374934196472168 0.08520088195800782 0.18013858795166016
4 0.1641247272491455 0.7122576236724854 0.04966869354248047 0.10032777786254883
4 0.19474308490753173 0.6662971496582031 0.0387608528137207 0.08220100402832031
4 0.27237515449523925 0.6662810325622559 0.047243595123291016 0.1111968994140625
4 0.4576859474182129 0.6684490203857422 0.042850494384765625 0.15915851593017577
4 0.36126811504364015 0.676824426651001 0.04891815185546875 0.11575584411621094
4 0.797106409072876 0.8056934356689454 0.0758591651916504 0.21989016532897948
