2 0.961241340637207 0.6082540512084961 0.07735404968261719 0.34871902465820315
4 0.4895904541015625 0.8018186569213868 0.07482805252075195 0.22312641143798828
4 0.6141003131866455 0.7015844345092773 0.056953716278076175 0.14858531951904297
4 0.7611982345581054 0.8650579452514648 0.11228923797607422 0.2674104690551758
4 0.8451412200927735 0.7654901504516601 0.06099720001220703 0.19623832702636718
4 0.04908665120601654 0.6813039302825927 0.04167311787605286 0.09998559951782227
4 0.8093723297119141 0.8033629417419433 0.07537612915039063 0.2242380142211914
4 0.3334310054779053 0.7521340847015381 0.060812187194824216 0.1630040168762207
4 0.11948595046997071 0.6658750057220459 0.037719011306762695 0.07748889923095703
4 0.08690437078475952 0.6982878684997559 0.04322807788848877 0.09604263305664062
2 0.566481637954712 0.563808822631836 0.009924507141113282 0.02086505889892578
4 0.199729585647583 0.6671053886413574 0.036942148208618165 0.0817793846130371
4 0.22467551231384278 0.7258498191833496 0.05593031644821167 0.13351211547851563
4 0.8627578735351562 0.7342287063598633 0.06591758728027344 0.18033981323242188
4 0.274511981010437 0.6704233646392822 0.04703192710876465 0.10005054473876954
4 0.16055482625961304 0.7072291374206543 0.053254199028015134 0.10648441314697266
4 0.35500373840332033 0.6723429679870605 0.034644699096679686 0.10332393646240234
