4 0.27601187229156493 0.7637938022613525 0.08140125274658203 0.22505559921264648
4 0.5403058052062988 0.7887907981872558 0.08456926345825196 0.2820396423339844
2 0.9254251480102539 0.6258897304534912 0.14535846710205078 0.5274323463439942
2 0.3694460391998291 0.5241851806640625 0.009910488128662109 0.022572135925292967
4 0.021704232692718504 0.6308963775634766 0.043367916345596315 0.12848539352416993
2 0.4926957130432129 0.5141755104064941 0.012931060791015626 0.04388618469238281
4 0.08762626647949219 0.7216160774230957 0.07546632289886475 0.1655750274658203
4 0.4111527919769287 0.6685247421264648 0.057779121398925784 0.12200613021850586
4 0.5920342445373535 0.7391242027282715 0.08045730590820313 0.196710205078125
4 0.6181834220886231 0.7100889205932617 0.051975250244140625 0.17397842407226563
2 0.9058629989624023 0.6413098335266113 0.10786476135253906 0.497265625
2 0.5836112022399902 0.5032979011535644 0.013617897033691406 0.03853759765625
