4 0.5397470474243165 0.7865108489990235 0.08527050018310547 0.28711280822753904
2 0.9073460578918457 0.6293776035308838 0.11382083892822266 0.5236392021179199
4 0.2633141040802002 0.795655632019043 0.10162277221679687 0.16339359283447266
4 0.08927773237228394 0.7398697376251221 0.07296085357666016 0.15682439804077147
4 0.4082225799560547 0.6550503730773926 0.06008291244506836 0.15130443572998048
4 0.5816394805908203 0.7445067405700684 0.06842117309570313 0.19262332916259767
4 0.02612612843513489 0.6383546352386474 0.05225225687026978 0.1117936134338379
4 0.6376757621765137 0.670493221282959 0.05029354095458984 0.16870861053466796
4 0.13128812313079835 0.6458858489990235 0.05080647468566894 0.11604995727539062
4 0.614315128326416 0.7023674964904785 0.04631681442260742 0.1858369827270508
