4 0.2789975643157959 0.7820345401763916 0.09054985046386718 0.1922785758972168
2 0.9070562362670899 0.6333412647247314 0.11351852416992188 0.5158707618713378
4 0.5396983623504639 0.788698673248291 0.08578510284423828 0.2826225280761719
4 0.4138600826263428 0.6636322021484375 0.06262884140014649 0.1344879150390625
4 0.08892579078674316 0.7440801620483398 0.06588506698608398 0.1499774932861328
4 0.5847952842712403 0.7433598518371582 0.06333179473876953 0.1943492889404297
4 0.02593500018119812 0.6355317115783692 0.05187000036239624 0.11741561889648437
4 0.6382002830505371 0.6692150592803955 0.05322055816650391 0.17071180343627929
4 0.13255813121795654 0.6521892547607422 0.049368667602539065 0.10484352111816406
4 0.6150271415710449 0.7078452110290527 0.04594268798828125 0.17891550064086914
2 0.36944992542266847 0.524562931060791 0.011207246780395507 0.023424720764160155
