4 0.3852881908416748 0.6818218231201172 0.07697792053222656 0.22839908599853515
4 0.6412295341491699 0.7311979770660401 0.08736352920532227 0.2829829216003418
4 0.5147851943969727 0.5987027168273926 0.05329608917236328 0.14728975296020508
4 0.6917440891265869 0.6965837478637695 0.06682929992675782 0.1927206039428711
4 0.04213125705718994 0.5939188003540039 0.05213468074798584 0.11203212738037109
4 0.22892041206359864 0.6449776649475097 0.06800656318664551 0.1562824249267578
4 0.35837531089782715 0.5651915550231934 0.035904884338378906 0.15596551895141603
4 0.08016437292098999 0.5559144020080566 0.036582112312316895 0.08788728713989258
2 0.5909784317016602 0.4736031532287598 0.019006729125976562 0.049199581146240234
4 0.2579932451248169 0.5715139389038086 0.0453702449798584 0.11815719604492188
4 0.11847732067108155 0.6238290786743164 0.06007489562034607 0.12477779388427734
4 0.727174186706543 0.6599888324737548 0.0673288345336914 0.18554391860961914
4 0.1612437129020691 0.5536345481872559 0.044542241096496585 0.11653223037719726
4 0.7474471092224121 0.6271536827087403 0.05615234375 0.17434110641479492
2 0.6996375560760498 0.4721031188964844 0.020667076110839844 0.04115238189697266
