4 0.3851971387863159 0.7056400775909424 0.07698493003845215 0.17768983840942382
4 0.6345250129699707 0.7428229331970215 0.09957733154296874 0.2534355163574219
4 0.11559895277023316 0.6195887088775635 0.057131838798522946 0.13404340744018556
4 0.08188968896865845 0.5539775848388672 0.03731424808502197 0.08966140747070313
4 0.5166007995605468 0.5996588230133056 0.05718860626220703 0.1431267738342285
4 0.22438907623291016 0.6479209899902344 0.05801091194152832 0.1347381591796875
4 0.7263091564178467 0.653685188293457 0.06071043014526367 0.19936027526855468
4 0.7502102851867676 0.6317863464355469 0.06882610321044921 0.16247520446777344
4 0.04360848069190979 0.5964347839355468 0.05525165796279907 0.10844717025756836
4 0.2583365201950073 0.5717586517333985 0.049488067626953125 0.11430206298828124
4 0.16124114990234376 0.5524509429931641 0.04442179203033447 0.11846485137939453
4 0.6872622966766357 0.7332255840301514 0.07236785888671875 0.1207249641418457
2 0.5914843082427979 0.47118101119995115 0.019158172607421874 0.04566001892089844
