4 0.38649535179138184 0.6814987182617187 0.0759206771850586 0.22981624603271483
4 0.6346360683441162 0.740137767791748 0.09881372451782226 0.26215591430664065
4 0.22441298961639405 0.6426937103271484 0.05669107437133789 0.15936641693115233
4 0.11482350826263428 0.6161731719970703 0.05384774804115296 0.1424236297607422
4 0.5100836277008056 0.5980476379394531 0.06299705505371093 0.1483928680419922
4 0.08374210000038147 0.5571386337280273 0.0416335940361023 0.08499565124511718
4 0.03720105588436127 0.5987536907196045 0.058109229803085326 0.09879827499389648
2 0.5906522750854493 0.474239444732666 0.01952972412109375 0.04974365234375
4 0.7492311954498291 0.6304302215576172 0.06559810638427735 0.1688760757446289
4 0.26005125045776367 0.5708662509918213 0.04094371795654297 0.11767349243164063
4 0.7243693351745606 0.6572379112243653 0.07325057983398438 0.19239702224731445
4 0.6885255336761474 0.7235845565795899 0.07550210952758789 0.17586021423339843
4 0.16317352056503295 0.5588523864746093 0.04727075099945068 0.107843017578125
4 0.3559718608856201 0.5625023365020752 0.044334697723388675 0.13399858474731446
