4 0.13928955793380737 0.5960359096527099 0.12189829349517822 0.14643144607543945
2 0.4621108055114746 0.5464835643768311 0.11683015823364258 0.300657844543457
4 0.3216107368469238 0.5519692897796631 0.07325973510742187 0.10398025512695312
0 0.24812135696411133 0.4398324489593506 0.2055060386657715 0.08686618804931641
4 0.8984376907348632 0.7314080238342285 0.15591678619384766 0.2630588531494141
4 0.5522183895111084 0.5989758491516113 0.10033645629882812 0.14202117919921875
4 0.5341707229614258 0.4715683937072754 0.022568416595458985 0.044561767578125
4 0.40045166015625 0.5202204704284668 0.052309250831604 0.08380308151245117
4 0.7355994701385498 0.5403172492980957 0.03355684280395508 0.09441394805908203
4 0.5952260017395019 0.5526667594909668 0.050513076782226565 0.08795890808105469
4 0.8312989234924316 0.5405098915100097 0.0675811767578125 0.09644651412963867
4 0.935582160949707 0.5468791484832763 0.10064182281494141 0.09703025817871094
4 0.695073413848877 0.45585293769836427 0.029764938354492187 0.03930463790893555
4 0.5544948577880859 0.46105594635009767 0.027377510070800783 0.04224700927734375
4 0.6763378620147705 0.5258057117462158 0.07639646530151367 0.11631336212158203
4 0.5670017719268798 0.4587088108062744 0.016675376892089845 0.035349273681640626
4 0.6278800964355469 0.5267868995666504 0.038895797729492185 0.07733268737792968
4 0.683980655670166 0.4611386775970459 0.01530284881591797 0.023696136474609376
2 0.5543281555175781 0.41291055679321287 0.011392593383789062 0.02136363983154297
