4 0.0644098162651062 0.6082221031188965 0.12590677738189698 0.1491683006286621
4 0.8379707336425781 0.7331564903259278 0.1829000473022461 0.2616588592529297
2 0.5371164321899414 0.4603279113769531 0.04819488525390625 0.1026275634765625
4 0.25444841384887695 0.5612622261047363 0.07642288208007812 0.1072845458984375
4 0.4880030632019043 0.606821346282959 0.10386943817138672 0.1433135986328125
4 0.7648412704467773 0.5446086883544922 0.06974258422851562 0.0944305419921875
4 0.4693791389465332 0.4774182319641113 0.02412700653076172 0.046563148498535156
4 0.6656476020812988 0.5447102546691894 0.03421773910522461 0.09105873107910156
4 0.3418716907501221 0.5266298294067383 0.06311402320861817 0.0856851577758789
4 0.3878172874450684 0.5040918350219726 0.044378471374511716 0.06937694549560547
4 0.4299777030944824 0.4841920375823975 0.03985872268676758 0.0612945556640625
4 0.5328566074371338 0.5577072143554688 0.049629592895507814 0.08738994598388672
4 0.8660322189331054 0.5480492591857911 0.08509559631347656 0.09551382064819336
4 0.7182006359100341 0.465074348449707 0.018608665466308592 0.036551380157470705
4 0.4938913345336914 0.46824016571044924 0.02803010940551758 0.04508686065673828
4 0.6324806690216065 0.4613670349121094 0.03244476318359375 0.041594314575195315
4 0.6013481140136718 0.5354146003723145 0.051697158813476564 0.09634170532226563
0 0.5160942077636719 0.4242128849029541 0.025273895263671874 0.02107868194580078
4 0.5645975112915039 0.5326138496398926 0.03919992446899414 0.08168525695800781
4 0.5045488357543946 0.4656848907470703 0.014099693298339844 0.03938236236572266
