4 0.5377552032470703 0.8305468559265137 0.22476768493652344 0.3141185760498047
4 0.7935429096221924 0.5765615463256836 0.08386526107788086 0.12766647338867188
4 0.7088499069213867 0.595646333694458 0.10161724090576171 0.13915615081787108
2 0.18719925880432128 0.41663327217102053 0.029244756698608397 0.06616048812866211
4 0.3086249828338623 0.4529294967651367 0.021975898742675783 0.040130615234375
4 0.35794260501861574 0.653770637512207 0.0811497688293457 0.14635257720947265
4 0.6036648273468017 0.6085460186004639 0.11187973022460937 0.14204626083374022
4 0.0102833092212677 0.48864426612854006 0.0205666184425354 0.07208395004272461
4 0.41695728302001955 0.6323541164398193 0.05708789825439453 0.1316054344177246
4 0.4842823505401611 0.6114996910095215 0.0989455223083496 0.15291709899902345
4 0.3017319440841675 0.584473705291748 0.08389792442321778 0.10568046569824219
0 0.03598159253597259 0.39632768630981446 0.033575040102005 0.01717691421508789
4 0.015478479862213134 0.4724853515625 0.03092254400253296 0.06182880401611328
3 0.9273841857910157 0.06686158180236816 0.1446634292602539 0.13372316360473632
