2 0.18714509010314942 0.41705999374389646 0.029071998596191407 0.0686352014541626
4 0.7942487239837647 0.5760468482971192 0.09213838577270508 0.11897640228271485
4 0.7016282081604004 0.5891120910644532 0.09167461395263672 0.12971420288085939
4 0.6039538383483887 0.6060366630554199 0.08076610565185546 0.13596420288085936
4 0.5224751472473145 0.8173442840576172 0.1616067886352539 0.32709469795227053
0 0.036412101984024045 0.3953104019165039 0.03415898084640503 0.018316268920898438
4 0.010037285834550857 0.48920435905456544 0.020074571669101714 0.06781215667724609
4 0.2963431358337402 0.5871411800384522 0.077264404296875 0.0995065689086914
4 0.4802401542663574 0.5519867420196534 0.03424510955810547 0.05868740081787109
4 0.17634533643722533 0.49306526184082033 0.02501804828643799 0.05418376922607422
4 0.30935986042022706 0.45333471298217776 0.021569538116455077 0.04302787780761719
4 0.36004114151000977 0.6782052516937256 0.08381061553955078 0.1179269790649414
