4 0.7450686931610108 0.5251837730407715 0.09980058670043945 0.12570266723632811
4 0.47774500846862794 0.7782887935638427 0.1795374870300293 0.2747187614440918
4 0.6543952941894531 0.5381575584411621 0.08024673461914063 0.12965745925903321
2 0.13433998823165894 0.35999596118927 0.029950690269470216 0.0634376049041748
4 0.4423588752746582 0.5511500358581543 0.07223739624023437 0.14599761962890626
4 0.572178840637207 0.5570728302001953 0.09179573059082032 0.14331741333007814
4 0.2558149337768555 0.5310418128967285 0.07158885002136231 0.11529560089111328
4 0.8260156631469726 0.5121968269348145 0.022095108032226564 0.03487968444824219
4 0.2656890869140625 0.3992146015167236 0.021251106262207033 0.0551762580871582
4 0.32336156368255614 0.612040662765503 0.08917326927185058 0.1546168327331543
