4 0.4825885772705078 0.7725010871887207 0.15578632354736327 0.28922195434570314
4 0.7483567237854004 0.5225140571594238 0.09278068542480469 0.12121315002441406
4 0.6627164840698242 0.5346904754638672 0.08014678955078125 0.12925004959106445
4 0.26506001949310304 0.398380970954895 0.021974802017211914 0.04886050224304199
4 0.5607055187225342 0.5486867904663086 0.06856966018676758 0.14524383544921876
2 0.13354514837265014 0.3593290328979492 0.02920510768890381 0.06342859268188476
4 0.43642539978027345 0.5540294647216797 0.0676802635192871 0.1362468719482422
4 0.3162120819091797 0.6040091514587402 0.0790818214416504 0.13834304809570314
4 0.2580437183380127 0.5353837966918945 0.0761610984802246 0.10634880065917969
4 0.3836345195770264 0.577148151397705 0.060543251037597653 0.13375415802001953
4 0.18150198459625244 0.47759809494018557 0.05156755447387695 0.09170045852661132
4 0.14655938148498535 0.4618016242980957 0.0424799919128418 0.07425518035888672
4 0.13106768131256102 0.44568915367126466 0.021994495391845705 0.051345443725585936
