4 0.5318248748779297 0.5835810661315918 0.10166721343994141 0.17787952423095704
1 0.8032420158386231 0.3922448635101318 0.04549598693847656 0.04633169174194336
4 0.34054837226867674 0.6803130149841309 0.10089092254638672 0.17528133392333983
2 0.8010162353515625 0.3736900329589844 0.038277626037597656 0.06831140518188476
4 0.5700685501098632 0.42235593795776366 0.029120159149169923 0.0496539831161499
2 0.6956958293914794 0.3796699047088623 0.029176044464111327 0.08782939910888672
4 0.26797411441802976 0.7466890335083007 0.165435266494751 0.23212432861328125
4 0.7822261333465577 0.42462472915649413 0.029326820373535158 0.05893650054931641
4 0.9725373268127442 0.48250226974487304 0.054180908203125 0.10024986267089844
2 0.7251206398010254 0.37604150772094724 0.021972465515136718 0.08151454925537109
4 0.9339652061462402 0.461537504196167 0.040128326416015624 0.06770839691162109
4 0.9859424591064453 0.7268930435180664 0.028115081787109374 0.10183639526367187
4 0.7237421989440918 0.45230998992919924 0.04149322509765625 0.07655010223388672
4 0.6923166275024414 0.4932070255279541 0.044580078125 0.07672767639160157
4 0.7584195137023926 0.4449345588684082 0.034085845947265624 0.05679340362548828
4 0.6294939041137695 0.4194676399230957 0.030400943756103516 0.05518016815185547
3 0.6996474266052246 0.27992997169494627 0.03098602294921875 0.046899843215942386
2 0.7208338737487793 0.375447940826416 0.03126239776611328 0.08268976211547852
4 0.9804803848266601 0.5581915855407715 0.039039325714111325 0.09851341247558594
4 0.9471206665039062 0.4256277561187744 0.03308448791503906 0.05475130081176758
4 0.6571878433227539 0.40342397689819337 0.02578582763671875 0.05149393081665039
4 0.6535433292388916 0.5297051429748535 0.0658879280090332 0.08786401748657227
4 0.9792991638183594 0.5384401798248291 0.04140157699584961 0.13721323013305664
4 0.6104822635650635 0.5167670249938965 0.06604738235473633 0.07392368316650391
