4 0.34252066612243653 0.6861780166625977 0.10491924285888672 0.1964742660522461
4 0.5299179077148437 0.5831219673156738 0.10089530944824218 0.1791259765625
2 0.8014167785644531 0.37313570976257326 0.03878598213195801 0.06707725524902344
1 0.8033907890319825 0.39207024574279786 0.045526885986328126 0.04464397430419922
2 0.6963060379028321 0.3777111291885376 0.028568458557128907 0.08423638343811035
4 0.2511739253997803 0.7469373226165772 0.1610579013824463 0.2616570472717285
4 0.5721374988555908 0.42281646728515626 0.02935056686401367 0.04804544448852539
4 0.7809391021728516 0.4239509105682373 0.026782989501953125 0.058677291870117186
4 0.9845589637756348 0.7238407135009766 0.03088207244873047 0.10295753479003907
4 0.9727346420288085 0.4839517593383789 0.05422496795654297 0.0973978042602539
2 0.7243588447570801 0.37928318977355957 0.02332725524902344 0.0844651222229004
4 0.7264188766479492 0.4577348232269287 0.04306640625 0.0661581039428711
3 0.6991948127746582 0.279634428024292 0.028971290588378905 0.04434223175048828
4 0.9366374969482422 0.4609694480895996 0.0361724853515625 0.07004203796386718
4 0.6508430480957031 0.5173784255981445 0.07262086868286133 0.11471424102783204
4 0.9741674423217773 0.5443195343017578 0.051665115356445315 0.12734203338623046
4 0.7575428009033203 0.44437541961669924 0.03271141052246094 0.05866241455078125
4 0.6954869747161865 0.49004716873168946 0.04874105453491211 0.08180313110351563
4 0.5012542724609375 0.5662965297698974 0.028266334533691408 0.07576351165771485
4 0.9479345321655274 0.4250956535339355 0.0309417724609375 0.05308046340942383
