4 0.6046031951904297 0.6022508621215821 0.08634986877441406 0.15309314727783202
4 0.3835639238357544 0.6794386386871338 0.10211596488952637 0.1877842903137207
1 0.960009765625 0.4100308895111084 0.07958259582519531 0.05529766082763672
4 0.6762454509735107 0.4378404140472412 0.027571964263916015 0.049846553802490236
2 0.9641199111938477 0.38993034362792967 0.039818954467773435 0.07447643280029297
4 0.7975142955780029 0.5081733703613281 0.04481191635131836 0.08484649658203125
4 0.2886511325836182 0.7248159408569336 0.1896428108215332 0.22714920043945314
4 0.7461220741271972 0.5409245491027832 0.06562480926513672 0.09486608505249024
4 0.7366340160369873 0.4354709625244141 0.03238248825073242 0.05186614990234375
3 0.8160412788391114 0.29441375732421876 0.032197189331054685 0.04785232543945313
4 0.7829745292663575 0.43282060623168944 0.028523826599121095 0.05981178283691406
4 0.8729192733764648 0.46323461532592775 0.03486213684082031 0.057059860229492186
4 0.8335302352905274 0.47687320709228515 0.04568023681640625 0.06329879760742188
2 0.8123086929321289 0.4010878562927246 0.02954559326171875 0.09820289611816406
4 0.9036291122436524 0.45240211486816406 0.03397293090820312 0.043781280517578125
2 0.8408424377441406 0.3872992515563965 0.019607925415039064 0.07001724243164062
4 0.8323539733886719 0.4237680912017822 0.02073326110839844 0.039655017852783206
2 0.8349067687988281 0.3886620044708252 0.03129005432128906 0.07426490783691406
4 0.7681024551391602 0.4256241798400879 0.02388448715209961 0.047896957397460936
