4 0.5973881244659424 0.6056365013122559 0.0939702033996582 0.15048179626464844
1 0.9595593452453614 0.40958337783813475 0.08047237396240234 0.0552386999130249
4 0.38489274978637694 0.6752670764923095 0.10160636901855469 0.1997544288635254
2 0.9604009628295899 0.390796160697937 0.051247024536132814 0.07321696281433106
4 0.8727916717529297 0.46200876235961913 0.03423442840576172 0.057574462890625
2 0.8128834724426269 0.3979153633117676 0.028081703186035156 0.09217462539672852
4 0.6745481491088867 0.43733644485473633 0.031566619873046875 0.05042762756347656
4 0.7349865913391114 0.4346817970275879 0.02821636199951172 0.05338897705078125
4 0.29583306312561036 0.6994415760040283 0.1850496292114258 0.2885371208190918
4 0.8302780151367187 0.4767559051513672 0.04220771789550781 0.06483192443847656
4 0.7965398788452148 0.5051796913146973 0.05116539001464844 0.08873329162597657
4 0.7358892917633056 0.5404159545898437 0.06829643249511719 0.1002645492553711
4 0.9002795219421387 0.44504833221435547 0.02948284149169922 0.05796499252319336
2 0.8355335235595703 0.38837399482727053 0.031128501892089842 0.07579975128173828
2 0.8934930801391602 0.37278811931610106 0.015201950073242187 0.02711777687072754
4 0.7783455848693848 0.4404764652252197 0.030516433715820312 0.0426142692565918
