4 0.5917763233184814 0.5989297389984131 0.0950057029724121 0.16173772811889647
4 0.3901986837387085 0.6811539649963378 0.10666604042053222 0.19205665588378906
4 0.30740203857421877 0.7091328144073487 0.18523674011230468 0.29386205673217775
2 0.9596708297729493 0.3914631843566895 0.04951667785644531 0.07491350173950195
1 0.9594589233398437 0.4094230175018311 0.07611045837402344 0.05282411575317383
4 0.8720014572143555 0.4608867645263672 0.03552818298339844 0.061806869506835935
2 0.8131657600402832 0.3959016799926758 0.028500175476074217 0.08783130645751953
4 0.6748969554901123 0.42866992950439453 0.02897920608520508 0.0695730447769165
4 0.7458195686340332 0.5400407791137696 0.07290277481079102 0.10387248992919922
3 0.815455436706543 0.29344954490661623 0.030008316040039062 0.0448150634765625
4 0.9014869689941406 0.444875431060791 0.035372352600097655 0.058936691284179686
4 0.7913192272186279 0.5031577587127686 0.0613551139831543 0.09371061325073242
4 0.8302336692810058 0.47092738151550295 0.047014045715332034 0.07804689407348633
2 0.836000633239746 0.3911093235015869 0.030384063720703125 0.08443174362182618
4 0.7354090213775635 0.4345436096191406 0.031870555877685544 0.06068401336669922
3 0.8427045822143555 0.2898853778839111 0.026094436645507812 0.04356698989868164
4 0.7844409465789794 0.442827033996582 0.04030790328979492 0.07429895401000977
