4 0.5662222862243652 0.5682033061981201 0.10419073104858398 0.18213586807250975
4 0.36007986068725584 0.6539804458618164 0.09830379486083984 0.1884235382080078
4 0.6510348320007324 0.4170816898345947 0.025848007202148436 0.0481511116027832
4 0.2769434690475464 0.6882359027862549 0.16044402122497559 0.24739961624145507
2 0.8176644325256348 0.3782063961029053 0.03779392242431641 0.08534984588623047
2 0.8322781562805176 0.37690129280090334 0.035625648498535153 0.08867473602294922
3 0.7950891494750977 0.2756056785583496 0.031464767456054685 0.051361370086669925
4 0.8700870513916016 0.4221325397491455 0.028437042236328126 0.06327962875366211
4 0.8698365211486816 0.4335797309875488 0.026735305786132812 0.04057321548461914
3 0.8196969985961914 0.2687474012374878 0.02190818786621094 0.04515771865844727
4 0.760701036453247 0.48705458641052246 0.04942312240600586 0.08579292297363281
4 0.8385381698608398 0.4462892055511475 0.03710594177246094 0.05574493408203125
4 0.8031416893005371 0.45543484687805175 0.045782852172851565 0.07064599990844726
4 0.7107086181640625 0.41998844146728515 0.029497146606445312 0.044168853759765626
