4 0.5696046352386475 0.5762945652008057 0.09756889343261718 0.1617147445678711
4 0.3624319076538086 0.6493266105651856 0.09760704040527343 0.18326644897460936
4 0.650025749206543 0.41582326889038085 0.02742156982421875 0.049982094764709474
4 0.27159924507141114 0.6859523773193359 0.16386470794677735 0.2725072860717773
4 0.7102827072143555 0.5074202537536621 0.07413806915283203 0.11508846282958984
2 0.820842170715332 0.3785440921783447 0.0336181640625 0.08527393341064453
2 0.8324399948120117 0.37753872871398925 0.03135604858398437 0.08589096069335937
4 0.8395393371582032 0.44383945465087893 0.036819839477539064 0.05943765640258789
4 0.7677717685699463 0.4849705696105957 0.04745903015136719 0.08671913146972657
3 0.7920069694519043 0.2756253719329834 0.0272552490234375 0.04862852096557617
4 0.8687978744506836 0.4219268798828125 0.02844696044921875 0.06153583526611328
3 0.8199783325195312 0.26984055042266847 0.02846832275390625 0.04462776184082031
4 0.7064214706420898 0.4130392551422119 0.029262542724609375 0.05376567840576172
4 0.751365852355957 0.41692638397216797 0.03163623809814453 0.06844942569732666
