4 0.5690262794494629 0.5731120109558105 0.10042724609375 0.16880397796630858
4 0.35996930599212645 0.6468044281005859 0.08526577949523925 0.1757195472717285
4 0.6499837398529053 0.41517047882080077 0.02711324691772461 0.049695372581481934
4 0.8692210197448731 0.4271404266357422 0.026448440551757813 0.05396404266357422
4 0.7134205818176269 0.5208356857299805 0.073455810546875 0.0930943489074707
4 0.8418136596679687 0.44408302307128905 0.035476303100585936 0.058809852600097655
4 0.27077679634094237 0.6769728660583496 0.18351397514343262 0.2747770309448242
2 0.8311586380004883 0.37030320167541503 0.04302825927734375 0.10122804641723633
4 0.7632425785064697 0.48642168045043943 0.05419769287109375 0.08559036254882812
2 0.8200513839721679 0.3752931594848633 0.03182373046875 0.0805891990661621
4 0.7079792976379394 0.41347465515136717 0.030602073669433592 0.05269391536712646
4 0.8022089004516602 0.4473457336425781 0.05409927368164062 0.08792190551757813
3 0.797909164428711 0.2742945432662964 0.039507484436035155 0.05221390724182129
4 0.7492346286773681 0.4104433536529541 0.033165931701660156 0.05912446975708008
