4 0.29375009536743163 0.6042623043060302 0.057074451446533205 0.09189834594726562
4 0.44720072746276857 0.5711906433105469 0.04275970458984375 0.0750722885131836
4 0.1941477656364441 0.5474908828735352 0.04766056537628174 0.10091381072998047
4 0.3313697099685669 0.5210380554199219 0.036300277709960936 0.09090766906738282
4 0.09500699043273926 0.6057261466979981 0.06139779090881348 0.13175830841064454
4 0.5546014308929443 0.5508513927459717 0.036620712280273436 0.05998210906982422
4 0.01011997163295746 0.6034379005432129 0.02023994326591492 0.06516904830932617
4 0.6258011817932129 0.5294374942779541 0.0303741455078125 0.05702056884765625
4 0.7096525669097901 0.5012892246246338 0.023933029174804686 0.048078060150146484
4 0.5678859710693359 0.4947077751159668 0.025259017944335938 0.051962852478027344
4 0.676844596862793 0.5150754928588868 0.03179588317871094 0.05065498352050781
4 0.5116405487060547 0.49741201400756835 0.03244361877441406 0.0722616195678711
4 0.6242536067962646 0.4836592674255371 0.02344827651977539 0.05326986312866211
4 0.4248474597930908 0.5239787101745605 0.036749267578125 0.06985702514648437
