4 0.29223785400390623 0.605717945098877 0.05416784286499023 0.09072837829589844
4 0.44644575119018554 0.570836067199707 0.043329811096191405 0.07581462860107421
4 0.19446346759796143 0.5518109321594238 0.04687619209289551 0.0908721923828125
4 0.08846348524093628 0.6212140560150147 0.05590596199035645 0.09853086471557618
4 0.5565059661865235 0.548822546005249 0.038788986206054685 0.062026023864746094
4 0.42453813552856445 0.5175086975097656 0.034639930725097655 0.0695098876953125
4 0.010032274574041367 0.5863978385925293 0.020064549148082735 0.0987727165222168
4 0.009952998906373977 0.6019163131713867 0.019905997812747954 0.06834545135498046
4 0.7091100692749024 0.4992527961730957 0.02406444549560547 0.05238027572631836
4 0.567826795578003 0.4948566436767578 0.02120494842529297 0.05364494323730469
4 0.5097535133361817 0.49966278076171877 0.026717758178710936 0.055971527099609376
4 0.6766226768493653 0.511259126663208 0.030821704864501955 0.05983247756958008
4 0.6275651931762696 0.5131508827209472 0.033655548095703126 0.08666419982910156
4 0.3298835277557373 0.5241493225097656 0.04131250381469727 0.08720064163208008
4 0.0958752989768982 0.5504162788391114 0.022829341888427734 0.032991790771484376
