4 0.3111431121826172 0.7607598304748535 0.07797451019287109 0.1631305694580078
4 0.1432432770729065 0.6963480949401856 0.0698500394821167 0.12632331848144532
4 0.02222951501607895 0.8250227928161621 0.0444590300321579 0.2292034149169922
4 0.4923201084136963 0.6776396751403808 0.06493091583251953 0.10154991149902344
4 0.6044506072998047 0.6271631240844726 0.04743404388427734 0.07555923461914063
4 0.41854052543640136 0.5984127521514893 0.039751720428466794 0.06934337615966797
4 0.5742107391357422 0.5533914566040039 0.03256349563598633 0.05295372009277344
4 0.726627254486084 0.534179973602295 0.02237091064453125 0.06888351440429688
4 0.5163501739501953 0.5581223487854003 0.03319568634033203 0.07694530487060547
4 0.6666790962219238 0.5870384216308594 0.03443231582641602 0.06778488159179688
4 0.6262532234191894 0.535589075088501 0.028129768371582032 0.05012063980102539
4 0.3226026058197021 0.6404084205627442 0.050983619689941403 0.07998466491699219
4 0.7066389083862304 0.5580828666687012 0.036533355712890625 0.0712015151977539
