4 0.31139554977416994 0.7616160869598388 0.07916049957275391 0.16190156936645508
4 0.4969902992248535 0.6775487899780274 0.05694561004638672 0.10177497863769532
4 0.42426490783691406 0.5940454006195068 0.046925926208496095 0.08140401840209961
4 0.6053817749023438 0.6266220569610595 0.045120620727539064 0.07748899459838868
4 0.02984222173690796 0.8554236412048339 0.05966863632202148 0.17364234924316407
4 0.5705909729003906 0.5486258029937744 0.03315601348876953 0.05869169235229492
4 0.6672335147857666 0.5881829261779785 0.03657217025756836 0.06613712310791016
4 0.7251433372497559 0.5336212158203125 0.0259368896484375 0.06815690994262695
4 0.6221107482910156 0.5358437538146973 0.029388618469238282 0.048583602905273436
4 0.5140850067138671 0.5607982635498047 0.03524999618530274 0.08106517791748047
4 0.14135639667510985 0.6902795314788819 0.07635009288787842 0.12899246215820312
4 0.31712961196899414 0.6424489974975586 0.045604705810546875 0.08488826751708985
4 0.7035422325134277 0.5647521018981934 0.03256568908691406 0.05906658172607422
4 0.31914339065551756 0.6289803504943847 0.05326862335205078 0.11490898132324219
0 0.5792971611022949 0.5089282989501953 0.07245388031005859 0.041238594055175784
4 0.6057798862457275 0.6118427753448487 0.04742898941040039 0.10689105987548828
