4 0.31106882095336913 0.760916805267334 0.07832069396972656 0.16340484619140624
4 0.49602880477905276 0.6748380661010742 0.05911445617675781 0.1079874038696289
4 0.03205643892288208 0.8644877433776855 0.06411287784576417 0.1538013458251953
4 0.14261384010314943 0.6928450584411621 0.07741408348083496 0.12407608032226562
4 0.6065163612365723 0.6268420696258545 0.045665931701660153 0.0773733139038086
4 0.4228813648223877 0.5995799541473389 0.04310550689697266 0.06891260147094727
4 0.5709352970123291 0.5511678218841553 0.031606864929199216 0.052612018585205075
4 0.3221743583679199 0.6430755615234375 0.060149192810058594 0.08475513458251953
4 0.6212370872497559 0.5354787826538085 0.025598812103271484 0.05503387451171875
4 0.6669672012329102 0.5888540267944335 0.03570613861083984 0.06479034423828126
4 0.7243274211883545 0.5342700958251954 0.027552986145019533 0.06884145736694336
4 0.5171564102172852 0.5652679443359375 0.03476648330688477 0.07114734649658203
4 0.7041387557983398 0.5671808242797851 0.03623752593994141 0.0541473388671875
4 0.012230733782052994 0.71652193069458 0.024461467564105988 0.08518447875976562
0 0.5795953750610352 0.5073682785034179 0.07071857452392578 0.037677574157714847
