4 0.08745058178901673 0.6958945274353028 0.09670132398605347 0.18442516326904296
4 0.5819873332977294 0.639375638961792 0.08193778991699219 0.1795140266418457
4 0.3455437183380127 0.8286364555358887 0.1285468101501465 0.2534065246582031
4 0.5484145164489747 0.49803838729858396 0.0412261962890625 0.09706535339355468
4 0.606172752380371 0.48554244041442873 0.03567047119140625 0.07005500793457031
2 0.8871522903442383 0.3645221710205078 0.029462242126464845 0.08275671005249023
4 0.689068078994751 0.5718159675598145 0.059157371520996094 0.11304988861083984
4 0.6561299324035644 0.4670217514038086 0.031341934204101564 0.060980033874511716
4 0.43623905181884765 0.5444850921630859 0.04690408706665039 0.1018636703491211
4 0.7374192237854004 0.5280216217041016 0.043806838989257815 0.07800159454345704
4 0.3200375080108643 0.6117156982421875 0.046461868286132815 0.10411396026611328
4 0.7654492378234863 0.49506511688232424 0.03586626052856445 0.07351341247558593
4 0.3281088352203369 0.6164140224456787 0.06201457977294922 0.12082424163818359
