4 0.08831906914710999 0.7021611213684082 0.09378205537796021 0.18309459686279297
4 0.5834687709808349 0.6415535926818847 0.07684345245361328 0.17276878356933595
4 0.3495796203613281 0.8227295875549316 0.12015953063964843 0.2653541564941406
4 0.6525287628173828 0.4640205383300781 0.03580160140991211 0.06747264862060547
4 0.6897810459136963 0.5633487224578857 0.05928468704223633 0.12999401092529297
4 0.5496959209442138 0.49841985702514646 0.04084711074829102 0.0954397201538086
4 0.32784180641174315 0.5984493732452393 0.062157726287841795 0.1330735206604004
4 0.6057509422302246 0.4828174591064453 0.03448696136474609 0.07376651763916016
4 0.7402169227600097 0.527998685836792 0.048501014709472656 0.07668838500976563
4 0.4422161102294922 0.5519491195678711 0.046865081787109374 0.07370128631591796
4 0.766291618347168 0.4970412254333496 0.03369560241699219 0.06798591613769531
2 0.8869104385375977 0.36680729389190675 0.02822456359863281 0.08223872184753418
