4 0.5816686630249024 0.6418452262878418 0.07399969100952149 0.17718353271484374
4 0.08861536979675293 0.7025811672210693 0.0936511754989624 0.19092683792114257
4 0.33910646438598635 0.820246696472168 0.13918190002441405 0.26544761657714844
4 0.6037989616394043 0.4841312885284424 0.032566261291503903 0.07306852340698242
2 0.8870626449584961 0.36407291889190674 0.02954559326171875 0.08419270515441894
4 0.6894028663635254 0.5637429237365723 0.05899829864501953 0.12999629974365234
4 0.5512338638305664 0.49944562911987306 0.04383220672607422 0.09501514434814454
4 0.44524412155151366 0.5560348510742188 0.047052764892578126 0.06858367919921875
4 0.3275437831878662 0.5856719970703125 0.06279106140136718 0.15718116760253906
4 0.6571967124938964 0.4649592399597168 0.03469161987304688 0.06699371337890625
4 0.7376624584197998 0.5274187088012695 0.04406814575195313 0.08037595748901367
4 0.7651541709899903 0.49558296203613283 0.03554210662841797 0.07241859436035156
