4 0.25308895111083984 0.4542994022369385 0.11535601615905762 0.21028947830200195
4 0.4039886474609375 0.3970747232437134 0.06504323482513427 0.11009173393249512
4 0.6534336090087891 0.5828754901885986 0.12429847717285156 0.2673982620239258
4 0.6204229354858398 0.3068946361541748 0.03497295379638672 0.07985897064208984
2 0.8315582275390625 0.23035726547241211 0.0277923583984375 0.08439030647277831
4 0.7306818485260009 0.47414135932922363 0.07650728225708008 0.13499889373779297
4 0.5220352172851562 0.3432784557342529 0.054897117614746097 0.10991916656494141
4 0.5693345069885254 0.32793235778808594 0.0429194450378418 0.08290395736694336
0 0.5519219398498535 0.27799625396728517 0.10374717712402344 0.0695998191833496
4 0.7596542358398437 0.32688417434692385 0.04672050476074219 0.07797317504882813
4 0.7223000526428223 0.3050487518310547 0.02329845428466797 0.05717153549194336
