4 0.2520762920379639 0.450759220123291 0.11253213882446289 0.2178598165512085
4 0.6348567008972168 0.6286076545715332 0.12791996002197265 0.20475196838378906
4 0.402537202835083 0.3898155689239502 0.06237039566040039 0.1261911392211914
4 0.5183167934417725 0.33767364025115965 0.046617317199707034 0.12020149230957031
4 0.6222965240478515 0.3124448299407959 0.038870620727539065 0.06888055801391602
4 0.5712278366088868 0.32721219062805174 0.03895730972290039 0.08481249809265137
4 0.7288153171539307 0.4807419776916504 0.08463172912597657 0.1257648468017578
2 0.8321681976318359 0.23184986114501954 0.02788963317871094 0.08762415647506713
0 0.5518628120422363 0.2740746021270752 0.10234622955322266 0.06410284042358398
4 0.7237321853637695 0.30245165824890136 0.026618576049804686 0.06353473663330078
4 0.7606739044189453 0.32263548374176027 0.046967697143554685 0.08947224617004394
