4 0.6191898345947265 0.641291618347168 0.12164077758789063 0.2352663040161133
4 0.04934672713279724 0.62347412109375 0.09869345426559448 0.21598320007324218
4 0.8058986663818359 0.561073112487793 0.08397450447082519 0.14733047485351564
4 0.646782636642456 0.4560952663421631 0.046541690826416016 0.11022787094116211
4 0.719218397140503 0.4462477207183838 0.03854970932006836 0.0825352668762207
4 0.5221077919006347 0.4913976192474365 0.06592397689819336 0.11144943237304687
4 0.36202006340026854 0.529412841796875 0.0766474723815918 0.16258277893066406
4 0.22182345390319824 0.8334352493286132 0.18360767364501954 0.3331294059753418
4 0.7820414543151856 0.4365104675292969 0.041094398498535155 0.06976165771484374
4 0.9209815979003906 0.4753871917724609 0.05158252716064453 0.10031490325927735
4 0.8755338668823243 0.5139848709106445 0.05660324096679688 0.1056793212890625
4 0.3502432584762573 0.43408703804016113 0.021394777297973632 0.029904747009277345
4 0.9430068969726563 0.4503630638122559 0.02280845642089844 0.08255109786987305
