4 0.6375564575195313 0.636838722229004 0.1191030502319336 0.24277095794677733
4 0.34792451858520507 0.5348124504089355 0.07364797592163086 0.19061317443847656
4 0.05073539018630981 0.6155803680419922 0.10145626068115235 0.19819231033325196
4 0.520998477935791 0.4931948661804199 0.05369644165039063 0.11002626419067382
4 0.22061657905578613 0.8497762680053711 0.183985698223114 0.30044755935668943
4 0.7992580890655517 0.5767818927764893 0.08229169845581055 0.12454595565795898
4 0.6477084636688233 0.45227508544921874 0.04755754470825195 0.11243362426757812
4 0.7842977523803711 0.43606128692626955 0.03713016510009766 0.06845197677612305
4 0.7186927795410156 0.4466243743896484 0.03804759979248047 0.08242607116699219
4 0.8739330291748046 0.5208482265472412 0.06366729736328125 0.09759244918823243
4 0.9196191787719726 0.4813577651977539 0.05093879699707031 0.09033222198486328
4 0.9424686431884766 0.4539536952972412 0.0269195556640625 0.07622241973876953
0 0.7286063671112061 0.39706394672393797 0.11074628829956054 0.04721236228942871
4 0.9131447792053222 0.42572917938232424 0.03377552032470703 0.06779139041900635
