4 0.6237968444824219 0.6401703834533692 0.1121358871459961 0.23753414154052735
4 0.3578296422958374 0.5256466865539551 0.07673802375793456 0.16820621490478516
4 0.22095203399658203 0.8299134254455567 0.18439408540725707 0.34017314910888674
4 0.050735080242156984 0.633225393295288 0.10146281719207764 0.22990541458129882
4 0.5152752876281739 0.4916522979736328 0.05782661437988281 0.11668930053710938
4 0.8065555572509766 0.5658247947692872 0.08475794792175292 0.13978023529052735
4 0.7189772605895997 0.4469595432281494 0.038206958770751955 0.08090200424194335
4 0.7848892688751221 0.43410959243774416 0.0373539924621582 0.07223844528198242
4 0.6493505477905274 0.4523970603942871 0.05052375793457031 0.10149669647216797
4 0.8827091217041015 0.5052210807800293 0.06835670471191406 0.11396522521972656
4 0.9181132316589355 0.4803171634674072 0.04959163665771484 0.09266185760498047
