4 0.1720191717147827 0.7302593231201172 0.10919370651245117 0.29465312957763673
2 0.7256607055664063 0.4095787048339844 0.04529876708984375 0.14573869705200196
4 0.567722749710083 0.6286520004272461 0.09283933639526368 0.15025157928466798
0 0.09360825419425964 0.3893758773803711 0.17762283086776734 0.08566856384277344
4 0.3247818946838379 0.7131075859069824 0.11102981567382812 0.23047313690185547
4 0.4472805976867676 0.45245866775512694 0.029039955139160155 0.07055492401123047
2 0.5854763984680176 0.36329963207244875 0.017496013641357423 0.04218502044677734
4 0.4067861557006836 0.7142405986785889 0.0765005350112915 0.17363882064819336
0 0.5441999912261963 0.37255516052246096 0.0365504264831543 0.03862848281860352
4 0.40769481658935547 0.5887380123138428 0.037270545959472656 0.07592658996582032
0 0.33805027008056643 0.3669150352478027 0.03950963020324707 0.037928009033203126
4 0.31332833766937257 0.5908402442932129 0.032674551010131836 0.05773105621337891
0 0.2250615119934082 0.3705631732940674 0.10691342353820801 0.06639270782470703
0 0.29770646095275877 0.3661026477813721 0.047150707244873045 0.04244155883789062
