4 0.16954593658447265 0.7304364204406738 0.1163022518157959 0.2940347671508789
0 0.09395794868469239 0.38985719680786135 0.1747368574142456 0.08686189651489258
4 0.5627875804901123 0.6023370742797851 0.08308725357055664 0.20271549224853516
2 0.7265318870544434 0.40996150970458983 0.04702072143554688 0.1413503408432007
4 0.3169562339782715 0.7229433059692383 0.11325139999389648 0.21011943817138673
4 0.4052571296691895 0.6868723869323731 0.10066301822662353 0.24583282470703124
4 0.45111546516418455 0.463177490234375 0.02368898391723633 0.050321769714355466
0 0.22761058807373047 0.3793194770812988 0.10146589279174804 0.08213376998901367
2 0.5859192848205567 0.36312649250030515 0.021023941040039063 0.04436116218566895
0 0.33751280307769777 0.3658608436584473 0.03942880630493164 0.03645801544189453
