4 0.566612434387207 0.6640637874603271 0.11622982025146485 0.26950750350952146
0 0.44812512397766113 0.3259920120239258 0.18195028305053712 0.09350156784057617
4 0.9456853866577148 0.3982553958892822 0.04368324279785156 0.10509195327758789
4 0.0712830126285553 0.6989614009857178 0.1392602801322937 0.2877913475036621
4 0.22087469100952148 0.7098747253417969 0.12065409421920777 0.26879177093505857
4 0.32080836296081544 0.7315971851348877 0.10837516784667969 0.23554983139038085
2 0.3374882936477661 0.3122226715087891 0.023589229583740233 0.06185646057128906
0 0.0305109441280365 0.3452966928482056 0.061021888256073 0.14896082878112793
1 0.22179245948791504 0.3533024787902832 0.08745050430297852 0.0723351001739502
4 0.7019026756286622 0.49442195892333984 0.07036495208740234 0.14338626861572265
4 0.909619140625 0.4113318920135498 0.05016746520996094 0.11263694763183593
0 0.6211021423339844 0.3026789903640747 0.12423114776611328 0.08450775146484375
4 0.7556911468505859 0.48671703338623046 0.05437660217285156 0.1502534866333008
2 0.2303741455078125 0.3214367151260376 0.030987358093261717 0.08587207794189453
0 0.7996031761169433 0.28110551834106445 0.054718399047851564 0.042754745483398436
2 0.2869232177734375 0.2932113170623779 0.015504837036132812 0.047655487060546876
1 0.9730234146118164 0.32639050483703613 0.05381278991699219 0.08780708312988281
4 0.7823558330535889 0.46407227516174315 0.03998270034790039 0.10369138717651367
2 0.22389755249023438 0.3229351997375488 0.03629999160766602 0.08380756378173829
2 0.6537121772766114 0.3121135711669922 0.03857402801513672 0.10057601928710938
