0 0.44844880104064944 0.32526097297668455 0.18038539886474608 0.0910639762878418
4 0.5738958358764649 0.647524642944336 0.12340974807739258 0.2994586944580078
4 0.06920515298843384 0.6978285789489747 0.12684175968170167 0.28784751892089844
4 0.9451999664306641 0.40650229454040526 0.04485626220703125 0.08476762771606446
2 0.33788790702819826 0.31212673187255857 0.02314867973327637 0.0600283145904541
4 0.33540806770324705 0.7429864883422852 0.1234140396118164 0.21481723785400392
4 0.22746617794036866 0.734216833114624 0.13346076011657715 0.22127885818481446
4 0.7472079277038575 0.4961555480957031 0.06286182403564453 0.1374805450439453
0 0.030501988530158997 0.34455621242523193 0.061003977060317995 0.1460108280181885
4 0.9097206115722656 0.41958322525024416 0.049701881408691403 0.0971987009048462
1 0.22201640605926515 0.3524917125701904 0.08645167350769042 0.0720785140991211
4 0.6993281841278076 0.4980298042297363 0.05515766143798828 0.15570220947265626
2 0.6550105094909668 0.3143185615539551 0.03739910125732422 0.09582939147949218
2 0.23289456367492675 0.32007579803466796 0.025966358184814454 0.08506908416748046
4 0.7859322547912597 0.45601458549499513 0.04719486236572266 0.12332334518432617
0 0.8002802848815918 0.2807614803314209 0.053537178039550784 0.041373062133789065
2 0.2185194969177246 0.3241801977157593 0.031694221496582034 0.08021554946899415
0 0.7410309791564942 0.28310189247131345 0.06765727996826172 0.05368967056274414
0 0.620094108581543 0.3031094312667847 0.12189483642578125 0.08570313453674316
2 0.28682680130004884 0.2958066463470459 0.016176986694335937 0.05331387519836426
1 0.9722246170043946 0.32674341201782225 0.055435562133789064 0.09054908752441407
2 0.23449091911315917 0.31241207122802733 0.021794891357421874 0.07077312469482422
2 0.2708557605743408 0.08602303266525269 0.020304012298583984 0.07462263107299805
