4 0.5718777656555176 0.6452905654907226 0.11787281036376954 0.29973773956298827
0 0.44846386909484864 0.3250144958496094 0.18026313781738282 0.09387426376342774
4 0.06818469762802123 0.6983272552490234 0.1234058141708374 0.29117622375488283
4 0.21816349029541016 0.735107707977295 0.11289615631103515 0.216448974609375
0 0.030503293871879576 0.3525341033935547 0.06097860932350159 0.12452106475830078
2 0.33751299381256106 0.31029367446899414 0.022064208984375 0.06090555191040039
4 0.700747013092041 0.4995996952056885 0.06366500854492188 0.15416374206542968
4 0.9437372207641601 0.4095292091369629 0.04466800689697266 0.07623062133789063
0 0.8005317687988281 0.28008031845092773 0.053577613830566403 0.040504074096679686
4 0.9098899841308594 0.41982808113098147 0.048406219482421874 0.09562826156616211
2 0.2873144865036011 0.2964008808135986 0.01551508903503418 0.05441131591796875
4 0.7528905391693115 0.4803292751312256 0.04970197677612305 0.16502552032470702
4 0.3382250308990479 0.7294357299804688 0.09049110412597657 0.22778549194335937
2 0.2707505226135254 0.08671009540557861 0.020170879364013673 0.07160627841949463
2 0.2306596279144287 0.3205272197723389 0.028367996215820312 0.0871622085571289
4 0.32358641624450685 0.7123608589172363 0.12533674240112305 0.26885414123535156
0 0.7419281482696534 0.28329925537109374 0.06650362014770508 0.0491668701171875
0 0.620558214187622 0.3011354923248291 0.12063808441162109 0.08965206146240234
2 0.29226884841918943 0.09272210597991944 0.017976808547973632 0.06495437622070313
1 0.2218177080154419 0.34848933219909667 0.0867497444152832 0.07841072082519532
4 0.779224967956543 0.4580641746520996 0.037919235229492185 0.11686563491821289
1 0.9728536605834961 0.33511464595794677 0.052679252624511716 0.07552857398986816
2 0.22012157440185548 0.32334420680999754 0.033865833282470705 0.0825380802154541
2 0.6536004066467285 0.31642448902130127 0.04091796875 0.09225211143493653
2 0.3638237476348877 0.11356064081192016 0.022579479217529296 0.09362185001373291
2 0.38686542510986327 0.2878054857254028 0.015072059631347657 0.04307870864868164
