4 0.3399846315383911 0.7943792343139648 0.14210705757141112 0.3113681793212891
4 0.05620734691619873 0.8451974868774415 0.11241469383239747 0.3096050262451172
0 0.21875638961791993 0.3102480173110962 0.23118410110473633 0.1239901065826416
0 0.3858629703521729 0.29286305904388427 0.11487321853637696 0.07820963859558105
4 0.7978653907775879 0.4277238368988037 0.048519325256347653 0.10016965866088867
0 0.9487190246582031 0.2935116052627563 0.06971302032470703 0.053561973571777347
4 0.7620888710021972 0.4415610313415527 0.044563674926757814 0.12206754684448243
2 0.4174470901489258 0.33591642379760744 0.0678990364074707 0.1268749237060547
4 0.6392083168029785 0.49915151596069335 0.053754234313964845 0.11969947814941406
4 0.5361742973327637 0.5407636642456055 0.03920822143554688 0.14986629486083985
4 0.5836548805236816 0.5322764396667481 0.08592090606689454 0.18510074615478517
1 0.4124135971069336 0.3922715187072754 0.1012655258178711 0.1042252540588379
2 0.4211904525756836 0.36098394393920896 0.07685337066650391 0.17830047607421876
2 0.8599665641784668 0.27529540061950686 0.013119316101074219 0.031094741821289063
2 0.6702864646911622 0.40047802925109866 0.03579301834106445 0.1279280662536621
1 0.8455026626586915 0.3460219383239746 0.05942230224609375 0.07519903182983398
