0 0.2195664882659912 0.3097522258758545 0.23175277709960937 0.12330169677734375
4 0.33490302562713625 0.7891993522644043 0.1479738712310791 0.3186361312866211
4 0.07084618210792541 0.854250717163086 0.11398199796676636 0.29149866104125977
0 0.9505285263061524 0.29341654777526854 0.07259674072265625 0.05405235290527344
0 0.3858190536499023 0.29214575290679934 0.11441707611083984 0.07703948020935059
1 0.4117079734802246 0.38317625522613524 0.10229024887084961 0.11765141487121582
4 0.8056474685668945 0.4361739635467529 0.04506683349609375 0.08281469345092773
2 0.4189337730407715 0.33620738983154297 0.06853959560394288 0.1284168243408203
4 0.7650486946105957 0.44200911521911623 0.04758872985839844 0.12143688201904297
4 0.6384672164916992 0.5028624057769775 0.054986000061035156 0.11258897781372071
4 0.5364108562469483 0.539137887954712 0.04090242385864258 0.15595788955688478
4 0.6294308662414551 0.40600242614746096 0.042844390869140624 0.08983116149902344
4 0.5869921684265137 0.5331549644470215 0.0756032943725586 0.17978687286376954
4 0.3566219568252563 0.663703727722168 0.03933095932006836 0.09869117736816406
2 0.42351927757263186 0.3555166482925415 0.0782170295715332 0.16752314567565918
2 0.17456188201904296 0.046963220834732054 0.01919388771057129 0.06768850088119507
4 0.6689516067504883 0.3960573196411133 0.03447780609130859 0.1178476333618164
2 0.86005859375 0.2730854511260986 0.013834571838378907 0.035010147094726565
2 0.49132533073425294 0.30005879402160646 0.03730363845825195 0.06315746307373046
1 0.845318603515625 0.34723563194274903 0.06042327880859375 0.07912626266479492
2 0.15041704177856446 0.03819108307361603 0.01963505744934082 0.07508297562599182
0 0.5754610061645508 0.2860109806060791 0.10733356475830078 0.052632808685302734
3 0.9110876083374023 0.16973816156387328 0.01840381622314453 0.02700467109680176
