0 0.21972060203552246 0.31006293296813964 0.23286056518554688 0.12337884902954102
4 0.056161689758300784 0.8286163330078125 0.11232337951660157 0.34276738166809084
0 0.3857247352600098 0.29288153648376464 0.11442184448242188 0.07710094451904297
4 0.34250354766845703 0.7987008094787598 0.14295101165771484 0.30521602630615235
4 0.7983834266662597 0.4274726867675781 0.04807147979736328 0.09991528987884521
0 0.949382209777832 0.29369688034057617 0.07076377868652343 0.05313692092895508
4 0.7636159896850586 0.44178290367126466 0.044688987731933597 0.12411861419677735
1 0.41248459815979005 0.3831939220428467 0.102471923828125 0.11435518264770508
4 0.5883065700531006 0.5289422988891601 0.06929216384887696 0.1795825958251953
2 0.41862077713012696 0.33614797592163087 0.06932430267333985 0.12699470520019532
4 0.5358798027038574 0.5444691181182861 0.04955787658691406 0.1572481155395508
4 0.628660774230957 0.4995692253112793 0.05101423263549805 0.11802024841308593
2 0.4232929229736328 0.35575950145721436 0.0794830322265625 0.16695122718811034
