0 0.5022448062896728 0.34650821685791017 0.15188980102539062 0.08223657608032227
4 0.4390876770019531 0.6081986427307129 0.0842642068862915 0.21483955383300782
2 0.8112167358398438 0.33915252685546876 0.038292884826660156 0.0740921974182129
4 0.19438557624816893 0.7449647426605225 0.12750401496887206 0.2548813819885254
0 0.10985403060913086 0.3927029609680176 0.21970806121826172 0.14094171524047852
4 0.3544718027114868 0.6785792827606201 0.10427155494689941 0.2223433494567871
4 0.30184752941131593 0.7118175506591797 0.09682855606079102 0.2754638671875
4 0.7821201324462891 0.5242733955383301 0.06795082092285157 0.17551803588867188
4 0.5849133491516113 0.481107234954834 0.03280086517333984 0.08871898651123047
0 0.20973637104034423 0.3527262210845947 0.12414603233337403 0.1037064552307129
1 0.8141910552978515 0.36120190620422366 0.05747013092041016 0.04794168472290039
4 0.6905753135681152 0.5346114635467529 0.05794334411621094 0.15641279220581056
4 0.774414348602295 0.5034436225891114 0.04922218322753906 0.12981948852539063
1 0.9007375717163086 0.3868323564529419 0.07797985076904297 0.09840693473815917
4 0.690368938446045 0.5760302066802978 0.06354694366455078 0.2277909278869629
