0 0.4993871212005615 0.3442079544067383 0.14708948135375977 0.08066177368164062
4 0.7774158000946045 0.5031881332397461 0.05365152359008789 0.13272266387939452
4 0.692896842956543 0.5365137577056884 0.05729074478149414 0.15639352798461914
2 0.8123501777648926 0.333994722366333 0.03916435241699219 0.07285509109497071
2 0.4278674602508545 0.3211777687072754 0.01299114227294922 0.044048500061035153
4 0.29046080112457273 0.7081790447235108 0.09031562805175782 0.2758669853210449
0 0.12221667766571045 0.38812785148620604 0.2444333553314209 0.13153352737426757
4 0.4330272197723389 0.619337511062622 0.0861135482788086 0.19243917465209961
4 0.7409569263458252 0.49248971939086916 0.036774063110351564 0.12464141845703125
2 0.21045889854431152 0.10817301273345947 0.01967935562133789 0.06708042621612549
2 0.18472920656204223 0.09987637400627136 0.021650195121765137 0.07722822427749634
4 0.19562909603118897 0.7400922775268555 0.1004218578338623 0.26103897094726564
4 0.34708285331726074 0.6770986557006836 0.0707125186920166 0.22340316772460939
4 0.586488914489746 0.48164825439453124 0.03246746063232422 0.10530529022216797
1 0.8090231895446778 0.3555764198303223 0.04747428894042969 0.05511789321899414
2 0.6977475166320801 0.3079047203063965 0.011338043212890624 0.03763284683227539
2 0.29151163101196287 0.13377047777175904 0.027004432678222657 0.0942267894744873
2 0.1082120418548584 0.09169121384620667 0.029278653860092162 0.08938034772872924
0 0.9950048446655273 0.3051727294921875 0.009990406036376954 0.0316309928894043
1 0.958131980895996 0.36079936027526854 0.07703914642333984 0.08729009628295899
0 0.205869722366333 0.34680612087249757 0.1338712215423584 0.0880505084991455
2 0.02692667841911316 0.0808702826499939 0.0341093122959137 0.08704049587249756
