4 0.38766500949859617 0.6018722534179688 0.059537649154663086 0.1718290328979492
4 0.00847521647810936 0.46008148193359377 0.01695043295621872 0.0628091812133789
4 0.6058149337768555 0.6928778648376465 0.08947944641113281 0.23666248321533204
4 0.7622163772583008 0.6555191993713378 0.08232688903808594 0.20392971038818358
4 0.6778874397277832 0.7014352798461914 0.09508762359619141 0.1999422073364258
4 0.5213700294494629 0.7216945648193359 0.09042787551879883 0.17637977600097657
4 0.1702860713005066 0.4870901107788086 0.02861621379852295 0.08191490173339844
2 0.7922489166259765 0.38961071968078614 0.019024085998535157 0.06912117004394532
4 0.7975045204162597 0.6255373954772949 0.049725914001464845 0.17785263061523438
3 0.8299753189086914 0.3120070457458496 0.016352462768554687 0.042574596405029294
3 0.34541168212890627 0.3321797847747803 0.011458110809326173 0.025304222106933595
0 0.8484600067138672 0.3848844289779663 0.07760009765625 0.04338479042053223
4 0.28389525413513184 0.5199525356292725 0.044335460662841795 0.10544662475585938
4 0.21380507946014404 0.4866795539855957 0.02466268539428711 0.05753746032714844
4 0.316758918762207 0.5316654205322265 0.031098365783691406 0.0963653564453125
4 0.8083786010742188 0.6241819381713867 0.07147083282470704 0.17686290740966798
4 0.25642344951629636 0.5108034133911132 0.031225919723510742 0.11328010559082032
