4 0.008399061858654022 0.4595619201660156 0.016790828108787535 0.06239261627197266
4 0.5062636375427246 0.7006687641143798 0.087078857421875 0.2284367561340332
4 0.7617631435394288 0.6560527324676514 0.08284826278686523 0.20511159896850586
4 0.3861274003982544 0.6124188423156738 0.06509852409362793 0.15213489532470703
4 0.6760243892669677 0.7025732040405274 0.09638490676879882 0.1999591827392578
4 0.16940774917602539 0.4862527847290039 0.02973313331604004 0.0819589614868164
3 0.829772663116455 0.3098266124725342 0.01579761505126953 0.040121603012084964
4 0.5963858604431153 0.6947864532470703 0.10260505676269531 0.23007240295410156
4 0.314501953125 0.529217529296875 0.03368496894836426 0.09522209167480469
2 0.7921191692352295 0.38910837173461915 0.017977809906005858 0.07077083587646485
4 0.7975946426391601 0.6260714530944824 0.04928607940673828 0.1777332305908203
3 0.34534540176391604 0.3323937654495239 0.01103973388671875 0.025003957748413085
4 0.28377437591552734 0.5275367736816406 0.02877464294433594 0.09095726013183594
4 0.2135286808013916 0.4830373764038086 0.02188253402709961 0.06553573608398437
0 0.8298909187316894 0.3849518060684204 0.11552257537841797 0.044283151626586914
0 0.9446191787719727 0.37819132804870603 0.046717071533203126 0.030313491821289062
0 0.848695182800293 0.3841672420501709 0.07627220153808593 0.04450359344482422
3 0.35013108253479003 0.22692632675170898 0.02942767143249512 0.02220745086669922
2 0.7930819511413574 0.3782999038696289 0.018277931213378906 0.05059385299682617
