4 0.008078529685735702 0.4611359596252441 0.016157059371471404 0.06086940765380859
4 0.3901682376861572 0.6021072387695312 0.06550874710083007 0.17356948852539061
4 0.6039512634277344 0.6963139533996582 0.11004085540771484 0.22968387603759766
4 0.6866274833679199 0.6994394302368164 0.07931365966796874 0.20251083374023438
4 0.5053143501281738 0.716984224319458 0.09259414672851562 0.19715509414672852
4 0.7525073051452636 0.6586258888244629 0.08952693939208985 0.1997913360595703
2 0.7920353889465332 0.3914008617401123 0.01897296905517578 0.06491613388061523
3 0.8299957275390625 0.31289992332458494 0.015944480895996094 0.04216480255126953
4 0.16869102716445922 0.4893073558807373 0.033251070976257326 0.07919235229492187
4 0.21357192993164062 0.4852290630340576 0.02079925537109375 0.06290178298950196
4 0.7965243816375732 0.6393664360046387 0.04845266342163086 0.15337581634521485
0 0.8479970932006836 0.38537862300872805 0.0805166244506836 0.0435117244720459
4 0.2873223781585693 0.5300286769866943 0.033987903594970705 0.08714809417724609
3 0.250750470161438 0.2340144157409668 0.02752680778503418 0.03890495300292969
4 0.8229849815368653 0.6295669555664063 0.05182971954345703 0.13277778625488282
3 0.9260353088378906 0.10809335708618165 0.03015899658203125 0.050615334510803224
2 0.7292651653289794 0.3810286045074463 0.02013053894042969 0.047057819366455075
