4 0.25599653720855714 0.6842338085174561 0.07304377555847168 0.18430509567260742
4 0.5465457916259766 0.7608304500579834 0.09448184967041015 0.19970083236694336
4 0.018384674191474916 0.5711104869842529 0.03221837282180786 0.08785037994384766
4 0.4716862678527832 0.7591577529907226 0.10265140533447266 0.24113311767578124
2 0.6464333534240723 0.4608504295349121 0.01984062194824219 0.06848125457763672
4 0.6296083450317382 0.7118610382080078 0.08031272888183594 0.1983104705810547
4 0.3799391746520996 0.7643691539764405 0.08110599517822266 0.23843927383422853
4 0.14696898460388183 0.6029962062835693 0.04072327613830566 0.10730581283569336
4 0.6612301826477051 0.6798056125640869 0.049738311767578126 0.17253541946411133
4 0.18323034048080444 0.601024055480957 0.03123779296875 0.1256023406982422
1 0.26409335136413575 0.4747157096862793 0.04271783828735352 0.03505725860595703
3 0.2220707893371582 0.4031511783599854 0.010450077056884766 0.025824928283691408
0 0.7273820877075196 0.44637632369995117 0.05460147857666016 0.03557453155517578
4 0.11678681373596192 0.5932854652404785 0.03165261745452881 0.11532354354858398
0 0.800053882598877 0.4460920333862305 0.08387565612792969 0.030169105529785155
4 0.10793944597244262 0.47185530662536623 0.012602567672729492 0.031747055053710935
1 0.5219385623931885 0.4648104667663574 0.030526447296142577 0.02737598419189453
3 0.6069973945617676 0.238508939743042 0.019207000732421875 0.024088954925537108
0 0.020344606041908263 0.4569202423095703 0.026366889476776123 0.021600341796875
4 0.19484596252441405 0.4882356643676758 0.016106033325195314 0.027968120574951173
0 0.8625732421875 0.44148850440979004 0.044365310668945314 0.033595848083496097
1 0.21109383106231688 0.46826720237731934 0.023604154586791992 0.03589696884155273
