2 0.1608325719833374 0.6264156818389892 0.23781566619873046 0.6311245918273926
4 0.861945915222168 0.5295135498046875 0.06712417602539063 0.13160457611083984
4 0.4836080551147461 0.6304933547973632 0.06743946075439453 0.1768631935119629
2 0.9486992835998536 0.4548799991607666 0.10158843994140625 0.2916849136352539
2 0.6676699638366699 0.43709440231323243 0.06218290328979492 0.24610433578491211
4 0.07344076037406921 0.8450117111206055 0.13050800561904907 0.30871238708496096
4 0.5897646903991699 0.5293235778808594 0.05254344940185547 0.11855621337890625
2 0.6000014305114746 0.4312705993652344 0.06569385528564453 0.18904504776000977
4 0.7146119117736817 0.44324321746826173 0.030422019958496093 0.06909465789794922
4 0.7230400562286377 0.46573381423950194 0.040453529357910155 0.10887794494628907
2 0.9883981704711914 0.42806339263916016 0.023203659057617187 0.19496843814849854
4 0.7229692459106445 0.4896352291107178 0.03839454650878906 0.0612492561340332
2 0.2762099266052246 0.5309796333312988 0.07439231872558594 0.2223295211791992
0 0.8194290161132812 0.39079675674438474 0.20073184967041016 0.2684825897216797
2 0.09023973941802979 0.3913253307342529 0.01810312271118164 0.034458255767822264
2 0.25518753528594973 0.5220420837402344 0.11707553863525391 0.2420896530151367
