2 0.1453249454498291 0.6016427516937256 0.2026360511779785 0.6303961753845215
2 0.2468852996826172 0.43070306777954104 0.14498491287231446 0.37485618591308595
4 0.8547183036804199 0.5037927627563477 0.0696981430053711 0.13098812103271484
4 0.4765080451965332 0.603865385055542 0.06785888671875 0.17409143447875977
4 0.06716298460960388 0.822787857055664 0.1332894444465637 0.3079193115234375
2 0.6618378639221192 0.41136474609375 0.0653651237487793 0.24778709411621094
2 0.611033821105957 0.40515694618225095 0.05917224884033203 0.19440298080444335
4 0.5861799240112304 0.5061051845550537 0.04840087890625 0.11398983001708984
2 0.9655409812927246 0.41466145515441893 0.06891803741455078 0.24673147201538087
0 0.8176736831665039 0.36653361320495603 0.20838017463684083 0.26912431716918944
2 0.9305908203125 0.3743389129638672 0.033452606201171874 0.1341771125793457
4 0.7189450740814209 0.44174671173095703 0.04239645004272461 0.10878369808197022
4 0.7190319061279297 0.4639752864837646 0.04102401733398438 0.06413021087646484
4 0.7119886398315429 0.4205340385437012 0.029228591918945314 0.07050001621246338
