2 0.23794841766357422 0.6930382728576661 0.22221136093139648 0.613923454284668
2 0.4183022499084473 0.5228509426116943 0.10589799880981446 0.2882083892822266
4 0.8455486297607422 0.5737521171569824 0.0700948715209961 0.12351779937744141
2 0.6597685813903809 0.4861661434173584 0.058611488342285155 0.23196029663085938
2 0.5923658847808838 0.47690954208374026 0.06390676498413086 0.1797719955444336
4 0.5134424209594727 0.6847556114196778 0.07534646987915039 0.17424325942993163
4 0.5947177886962891 0.5727904796600342 0.04543876647949219 0.11905403137207031
2 0.5245213985443116 0.4845693588256836 0.07353286743164063 0.23928699493408204
4 0.7055381298065185 0.5273833274841309 0.03758029937744141 0.06988143920898438
4 0.15041732788085938 0.876169490814209 0.11304621696472168 0.24766097068786622
4 0.045697161555290224 0.8769878387451172 0.09139432311058045 0.24602441787719725
2 0.9154084205627442 0.459064245223999 0.040741348266601564 0.14363441467285157
0 0.7939868450164795 0.44454240798950195 0.18969202041625977 0.2499908685684204
2 0.9706788063049316 0.4530485153198242 0.04921779632568359 0.17413949966430664
2 0.9365032196044922 0.42652111053466796 0.025700187683105467 0.07572288513183593
2 0.9927854537963867 0.45913090705871584 0.014428997039794922 0.1671076774597168
