2 0.23772099018096923 0.693483829498291 0.2236013889312744 0.613032341003418
4 0.8464020729064942 0.5736137390136719 0.06675987243652344 0.12639274597167968
2 0.41765527725219725 0.5229475021362304 0.10549542903900147 0.28972883224487306
4 0.5112690925598145 0.6835293769836426 0.07184009552001953 0.17798004150390626
4 0.5969996929168702 0.5807396411895752 0.049798583984375 0.10576276779174805
2 0.6612001419067383 0.48672122955322267 0.055710220336914064 0.23330402374267578
2 0.5931792259216309 0.47429990768432617 0.060065269470214844 0.17761058807373048
4 0.04615946114063263 0.8771781921386719 0.0922789752483368 0.24564361572265625
4 0.15186525583267213 0.876412296295166 0.11465542316436768 0.24717540740966798
2 0.5264266967773438 0.48327054977416994 0.07382144927978515 0.23599092960357665
4 0.7019988059997558 0.5073172569274902 0.04125900268554687 0.10934762954711914
2 0.915611457824707 0.4604423999786377 0.04127960205078125 0.1442091941833496
4 0.7041938781738282 0.5199405670166015 0.035956954956054686 0.08401813507080078
2 0.9710540771484375 0.45331511497497556 0.05055923461914062 0.1751336097717285
4 0.07017075419425964 0.8761179924011231 0.14034150838851928 0.2477640151977539
