2 0.11561697721481323 0.5936660766601562 0.1987851858139038 0.5783445358276367
2 0.3882207632064819 0.41260056495666503 0.10361304283142089 0.26946163177490234
4 0.7511146545410157 0.4663246154785156 0.06240768432617187 0.11790084838867188
4 0.5107846260070801 0.4752995491027832 0.0458526611328125 0.11076984405517579
2 0.4661111831665039 0.37681078910827637 0.05554656982421875 0.23727874755859374
2 0.9674983978271484 0.3838401556015015 0.06487655639648438 0.2965369701385498
2 0.5433331966400147 0.37129671573638917 0.05130338668823242 0.1599884510040283
2 0.8702917098999023 0.3818071365356445 0.09554176330566407 0.3022141456604004
4 0.057560086250305176 0.8079838752746582 0.11479954719543457 0.2793281555175781
2 0.5725636005401611 0.4350571632385254 0.07952289581298828 0.13348064422607422
4 0.4274630546569824 0.5654059410095215 0.07480134963989257 0.17704944610595702
4 0.6234829902648926 0.4103203773498535 0.037042427062988284 0.10461463928222656
2 0.8970466613769531 0.37923009395599366 0.06431846618652344 0.25665888786315916
4 0.6245199203491211 0.4309511661529541 0.03542671203613281 0.06289958953857422
2 0.9262747764587402 0.33147153854370115 0.01696357727050781 0.07842655181884765
2 0.8327526092529297 0.32837557792663574 0.0221923828125 0.06712255477905274
0 0.8025146484375 0.3296234130859375 0.027895784378051756 0.07553939819335938
2 0.9061426162719727 0.3404789686203003 0.044388961791992185 0.17929511070251464
4 0.6263805389404297 0.4223615646362305 0.042339515686035153 0.08134098052978515
0 0.9435144424438476 0.29890055656433107 0.05134239196777344 0.04023561477661133
4 0.40617876052856444 0.5579519271850586 0.033365845680236816 0.16306686401367188
