2 0.1171724796295166 0.5886260986328125 0.20293879508972168 0.5877769470214844
2 0.38823699951171875 0.39949498176574705 0.10312080383300781 0.24528589248657226
2 0.9676740646362305 0.38393821716308596 0.06451454162597656 0.2957195281982422
2 0.4671467781066895 0.3773386240005493 0.05662097930908203 0.236661958694458
4 0.7460941791534423 0.46582612991333006 0.06336755752563476 0.11824588775634766
2 0.5437093734741211 0.3673541069030762 0.05079727172851563 0.15120458602905273
2 0.8703880310058594 0.38160898685455324 0.0956258773803711 0.3014343738555908
2 0.5725252628326416 0.4340045928955078 0.07876596450805665 0.13362627029418944
4 0.509470272064209 0.47136316299438474 0.04718856811523438 0.11778974533081055
4 0.06288485527038574 0.8056509017944335 0.12324628829956055 0.29001078605651853
2 0.8955751419067383 0.3783420085906982 0.06177577972412109 0.2565110206604004
4 0.6233486652374267 0.4104475021362305 0.03325099945068359 0.1035848617553711
2 0.9264759063720703 0.3321696758270264 0.01583404541015625 0.07902469635009765
0 0.9439973831176758 0.29908480644226076 0.05074462890625 0.04053688049316406
0 0.8026604652404785 0.3290807485580444 0.0270538330078125 0.07481637001037597
2 0.9041797637939453 0.3464817047119141 0.039741897583007814 0.19377880096435546
4 0.6231958389282226 0.4326911926269531 0.031195449829101562 0.058887481689453125
2 0.9263805389404297 0.31954164505004884 0.015292549133300781 0.05179128646850586
4 0.0497199147939682 0.7914786338806152 0.09389156699180604 0.25624809265136717
