4 0.4364449977874756 0.7232471466064453 0.05413112640380859 0.09870681762695313
4 0.27225661277770996 0.6988339424133301 0.04623689651489258 0.10499839782714844
4 0.628518533706665 0.7349715232849121 0.05896434783935547 0.13609733581542968
4 0.5335886478424072 0.6459990978240967 0.042328262329101564 0.10318021774291992
4 0.9073684692382813 0.7644306182861328 0.07514610290527343 0.1386362075805664
4 0.05332835912704468 0.6709348678588867 0.044879010319709776 0.07355518341064453
4 0.03424620926380158 0.6426061153411865 0.02704256772994995 0.08444375991821289
4 0.1503760576248169 0.6800525665283204 0.047809791564941403 0.09276065826416016
4 0.19905588626861573 0.6341395854949952 0.029799461364746094 0.06906328201293946
4 0.7505529403686524 0.7597673892974853 0.06833229064941407 0.10852785110473633
4 0.28956797122955324 0.6311882019042969 0.025348806381225587 0.0708658218383789
4 0.12655048370361327 0.6259183406829834 0.02704901695251465 0.06617918014526367
4 0.6907816886901855 0.6693151473999024 0.044140052795410153 0.09185237884521484
4 0.9068183898925781 0.7087249279022216 0.038336753845214844 0.06881771087646485
4 0.408325719833374 0.6411803245544434 0.028379535675048827 0.0660736083984375
4 0.6268420696258545 0.6686023712158203 0.024434566497802734 0.037056350708007814
