4 0.4336874961853027 0.7079476356506348 0.04703540802001953 0.12783241271972656
4 0.6280720233917236 0.7354331016540527 0.05772714614868164 0.134417724609375
4 0.6917068481445312 0.668431568145752 0.04114475250244141 0.09237594604492187
4 0.19828685522079467 0.6332069396972656 0.029151368141174316 0.06928825378417969
4 0.2896284103393555 0.6345724582672119 0.031833314895629884 0.08039836883544922
4 0.2718928337097168 0.6969105720520019 0.044844532012939455 0.10926895141601563
4 0.05232820510864258 0.6708054542541504 0.04699189662933349 0.07351703643798828
4 0.14922640323638917 0.6766457080841064 0.048068571090698245 0.09804515838623047
4 0.12714793682098388 0.6292272090911866 0.026893472671508788 0.06084356307983398
4 0.5362607955932617 0.6416001319885254 0.0388606071472168 0.11110172271728516
4 0.7513760566711426 0.759825611114502 0.06565113067626953 0.10862083435058593
4 0.8987987518310547 0.763570499420166 0.07583465576171874 0.13916587829589844
4 0.407394552230835 0.651417350769043 0.030650615692138672 0.08783550262451172
4 0.033950832486152646 0.6507584571838378 0.023122483491897584 0.06873531341552734
4 0.5356300354003907 0.6426902294158936 0.03165912628173828 0.09251022338867188
4 0.8981330871582032 0.7324771881103516 0.07707099914550782 0.20227508544921874
4 0.27095396518707277 0.7111378669738769 0.04247226715087891 0.07965869903564453
