4 0.3268230676651001 0.6913613319396973 0.046708536148071286 0.11168231964111328
4 0.5239389896392822 0.706976318359375 0.056306076049804685 0.130780029296875
4 0.15103600025177003 0.6754954814910888 0.05263962745666504 0.11540594100952148
4 0.01879693865776062 0.6569181442260742 0.03759387731552124 0.10510177612304687
4 0.6346138477325439 0.7258443832397461 0.05998172760009766 0.1098876953125
4 0.7741695880889893 0.7217732429504394 0.06174249649047851 0.13544654846191406
4 0.07107743024826049 0.6069461822509765 0.04066884517669678 0.06510772705078124
4 0.4363744258880615 0.6152064323425293 0.034408187866210936 0.10486469268798829
4 0.5865279197692871 0.6369086265563965 0.04177150726318359 0.08809213638305664
4 0.2949827671051025 0.6151925086975097 0.038608121871948245 0.07107105255126953
2 0.6795966148376464 0.52454833984375 0.010055351257324218 0.03774471282958984
4 0.1764312982559204 0.6062438011169433 0.04332654476165772 0.08403215408325196
4 0.7733377456665039 0.6486783504486084 0.047212982177734376 0.10776138305664062
