3 0.3799414157867432 0.24742379188537597 0.040210914611816403 0.06768255233764649
2 0.11984759569168091 0.3733764410018921 0.11869933605194091 0.1385509967803955
0 0.8877702713012695 0.3887341976165771 0.10542182922363282 0.09146203994750976
4 0.6771892070770263 0.7325551986694336 0.2790081977844238 0.32239494323730467
2 0.6557459831237793 0.3807945966720581 0.025822544097900392 0.09323554039001465
4 0.7339733123779297 0.6617091178894043 0.11068744659423828 0.2433399200439453
4 0.717104721069336 0.42212510108947754 0.029833412170410155 0.05601921081542969
4 0.8400357246398926 0.5668550491333008 0.10999031066894531 0.1895369529724121
4 0.7897666931152344 0.604151439666748 0.12217426300048828 0.21636886596679689
4 0.6936794757843018 0.40908203125 0.03215799331665039 0.06495435237884521
4 0.6695118904113769 0.40198001861572263 0.024139785766601564 0.058132362365722653
4 0.8636894226074219 0.5324897766113281 0.06881141662597656 0.16622524261474608
4 0.9022069931030273 0.48115901947021483 0.05025291442871094 0.1419525146484375
0 0.5512407302856446 0.3599818706512451 0.05675296783447266 0.034088945388793944
4 0.8804096221923828 0.5028216361999511 0.0529754638671875 0.14295454025268556
4 0.9138751029968262 0.48215694427490235 0.07477149963378907 0.1419647216796875
2 0.4951006889343262 0.3783212184906006 0.02985248565673828 0.07617559432983398
4 0.6807867050170898 0.7263416767120361 0.15612850189208985 0.2971653938293457
2 0.21331114768981935 0.3477759599685669 0.024087142944335938 0.029898786544799806
