2 0.8805475234985352 0.37347979545593263 0.12047100067138672 0.13863296508789064
3 0.6204458236694336 0.2465129852294922 0.04084091186523438 0.0661241054534912
0 0.11135090589523315 0.39025990962982177 0.10472471714019775 0.0931321620941162
4 0.26642842292785646 0.6617965221405029 0.11013669967651367 0.24206094741821288
4 0.16015205383300782 0.5651939392089844 0.10872197151184082 0.19335689544677734
4 0.2844508647918701 0.42299184799194334 0.028207778930664062 0.05605638027191162
4 0.30649235248565676 0.41168413162231443 0.033793401718139646 0.06758899688720703
4 0.3204007148742676 0.7255712985992432 0.1582108497619629 0.29769392013549806
4 0.21150577068328857 0.6080816268920899 0.12481412887573243 0.2190603256225586
2 0.344297456741333 0.38085117340087893 0.026520729064941406 0.09372797012329101
4 0.13887319564819336 0.530266809463501 0.06451888084411621 0.16572046279907227
4 0.12081594467163086 0.5023377418518067 0.050553363561630246 0.14369983673095704
4 0.3198293685913086 0.7338108062744141 0.27533664703369143 0.3205558776855469
0 0.4480140209197998 0.3600064992904663 0.056927967071533206 0.03365969657897949
4 0.32984104156494143 0.40484118461608887 0.027046966552734374 0.05437412261962891
4 0.09975025653839112 0.47916765213012696 0.043178343772888185 0.13598403930664063
2 0.504017448425293 0.3810932397842407 0.030214786529541016 0.07846293449401856
