2 0.5871976375579834 0.5702728748321533 0.15166883468627929 0.390535831451416
4 0.393142557144165 0.7367444038391113 0.06721391677856445 0.1340726852416992
4 0.5117152214050293 0.7328046798706055 0.05909252166748047 0.14248485565185548
4 0.6218027591705322 0.7352963924407959 0.06870975494384765 0.1294257164001465
4 0.5829926490783691 0.6998102188110351 0.03347930908203125 0.07802600860595703
4 0.7123922348022461 0.7349229335784913 0.06574172973632812 0.12654533386230468
4 0.4408096790313721 0.6947721481323242 0.025990867614746095 0.07980670928955078
4 0.7468562602996827 0.7162898540496826 0.025058269500732422 0.09088830947875977
4 0.7950229644775391 0.7228075504302979 0.03932323455810547 0.10836057662963867
4 0.2922431468963623 0.7281036853790284 0.06760845184326172 0.13257875442504882
4 0.25138685703277586 0.69766263961792 0.038068532943725586 0.09230012893676758
4 0.7679583549499511 0.7304390430450439 0.057613563537597653 0.11671657562255859
4 0.36767489910125734 0.6939018726348877 0.029203176498413086 0.08048048019409179
4 0.21998262405395508 0.7273090362548829 0.06025954484939575 0.11722850799560547
4 0.18192245960235595 0.7152475357055664 0.04913339614868164 0.12124366760253906
