2 0.27002773284912107 0.16517267227172852 0.10125770568847656 0.2168828010559082
4 0.5867790222167969 0.43932952880859377 0.05864572525024414 0.15333614349365235
4 0.3766869068145752 0.3790550947189331 0.028127717971801757 0.06853041648864747
4 0.5342190742492676 0.421769905090332 0.052371788024902347 0.10334720611572265
4 0.2811384439468384 0.7311570167541503 0.17431426048278809 0.5371088027954102
4 0.478059196472168 0.4034616947174072 0.0411412239074707 0.09238882064819336
4 0.4343729496002197 0.4019317626953125 0.04546222686767578 0.10075645446777344
0 0.10328819751739501 0.33991012573242185 0.1427173137664795 0.16156787872314454
0 0.44292659759521485 0.345689058303833 0.08697338104248047 0.11751317977905273
0 0.7982577800750732 0.2912576913833618 0.4034844398498535 0.509970235824585
0 0.3626534461975098 0.33405613899230957 0.0609929084777832 0.09078788757324219
3 0.43358697891235354 0.1845721960067749 0.015118026733398437 0.02710392475128174
