2 0.2704329967498779 0.16530505418777466 0.10201759338378906 0.21725032329559327
4 0.5826733589172364 0.43883213996887205 0.0676961898803711 0.1544208526611328
4 0.3765920400619507 0.37900481224060056 0.028279590606689452 0.06876993179321289
4 0.5295191764831543 0.4203333377838135 0.047445487976074216 0.10722236633300782
4 0.48012685775756836 0.4059173583984375 0.036696243286132815 0.08715152740478516
4 0.2896119594573975 0.7352462768554687 0.23244161605834962 0.5295074462890625
4 0.4344656944274902 0.40185794830322263 0.043761253356933594 0.10038633346557617
0 0.10353695154190064 0.3393815279006958 0.14220550060272216 0.159391450881958
0 0.4435483455657959 0.3449269771575928 0.08808689117431641 0.11590681076049805
0 0.798060941696167 0.29464638233184814 0.40387811660766604 0.5166409969329834
0 0.362973690032959 0.3329937934875488 0.061625099182128905 0.08892536163330078
