4 0.5866632461547852 0.43970680236816406 0.05541906356811523 0.15049440860748292
4 0.26212639808654786 0.7269548892974853 0.1831965446472168 0.5460902214050293
4 0.5330986976623535 0.41875505447387695 0.04730072021484375 0.10571184158325195
4 0.48178415298461913 0.39776835441589353 0.03509378433227539 0.10004215240478516
2 0.2783955574035645 0.12221956253051758 0.09352483749389648 0.14769177436828612
4 0.4367891788482666 0.3989247798919678 0.04199361801147461 0.10126228332519531
4 0.3807790994644165 0.37777626514434814 0.025294733047485352 0.062032556533813475
4 0.35747108459472654 0.3769261360168457 0.015023612976074218 0.04990835189819336
0 0.4483600616455078 0.3425980806350708 0.08790445327758789 0.11511092185974121
0 0.36881043910980227 0.32598085403442384 0.05865464210510254 0.0835453987121582
2 0.2785278558731079 0.15041743516921996 0.09531602859497071 0.20798981189727783
0 0.7985145092010498 0.305043363571167 0.4029709815979004 0.5125494956970215
