4 0.5866606712341309 0.4397674560546875 0.055468177795410155 0.1504589080810547
4 0.2614976167678833 0.7272056579589844 0.18704938888549805 0.5455886840820312
4 0.5332709789276123 0.4185908794403076 0.0473362922668457 0.1047184944152832
4 0.4814847469329834 0.39772098064422606 0.03554811477661133 0.10035624504089355
2 0.27850258350372314 0.12300913333892823 0.09343562126159669 0.14825100898742677
4 0.43680834770202637 0.39904763698577883 0.042021751403808594 0.10098538398742676
4 0.38072805404663085 0.3777466773986816 0.025328826904296876 0.06198749542236328
4 0.3575572967529297 0.37737863063812255 0.014753007888793945 0.04888873100280762
0 0.4484579086303711 0.34276304244995115 0.08789043426513672 0.11559467315673828
0 0.3688019275665283 0.32581524848937987 0.05882682800292969 0.08362245559692383
0 0.798484468460083 0.305466890335083 0.403031063079834 0.513430118560791
2 0.27884445190429685 0.15113967657089233 0.09546127319335937 0.20872948169708253
