4 0.8586782455444336 0.5329609394073487 0.05535697937011719 0.14046602249145507
4 0.7306632041931153 0.7562121391296387 0.18755817413330078 0.45817222595214846
4 0.9797271728515625 0.5275922775268554 0.04054555892944336 0.13837242126464844
4 0.2530700206756592 0.7372633934020996 0.15957652330398558 0.43263874053955076
4 0.6992247581481934 0.5296988487243652 0.044504737854003905 0.14179058074951173
2 0.2244569778442383 0.39545412063598634 0.023383712768554686 0.04458751678466797
2 0.5380082130432129 0.3536806583404541 0.046921730041503906 0.08567290306091309
2 0.005224535614252091 0.42487807273864747 0.010436502099037171 0.18382577896118163
4 0.18107900619506836 0.48038172721862793 0.014744448661804199 0.040520858764648435
2 0.6860910415649414 0.385988712310791 0.029174232482910158 0.08010187149047851
2 0.6856012344360352 0.36138861179351806 0.017885589599609376 0.03894410133361816
