4 0.8586633682250977 0.5331801414489746 0.055327415466308594 0.1401571273803711
4 0.7307147979736328 0.7561604022979737 0.1875894546508789 0.4582655906677246
4 0.9797652244567872 0.5273732662200927 0.04046955108642578 0.13770179748535155
4 0.2530369758605957 0.7375158309936524 0.15960774421691895 0.43186264038085936
4 0.6993142127990722 0.529691505432129 0.0445704460144043 0.14191665649414062
2 0.22434611320495607 0.39548232555389407 0.023159122467041014 0.04453797340393066
2 0.5384839057922364 0.35333962440490724 0.045716476440429685 0.0860976219177246
2 0.005365508794784546 0.4246658802032471 0.010721957683563233 0.18543577194213867
4 0.18117005825042726 0.4802705764770508 0.01499319076538086 0.04081087112426758
2 0.6875745773315429 0.38813185691833496 0.03135623931884766 0.07788457870483398
