3 0.5680768966674805 0.3037725925445557 0.03116779327392578 0.12023706436157226
3 0.29660122394561766 0.7149230003356933 0.0365900993347168 0.12791309356689454
2 0.3114025592803955 0.879939079284668 0.04020061492919922 0.22197494506835938
2 0.5540938377380371 0.8751054763793945 0.043854713439941406 0.10737075805664062
1 0.5546175956726074 0.906367301940918 0.039934730529785155 0.07448654174804688
0 0.4373267650604248 0.7320497512817383 0.02482433319091797 0.022751998901367188
0 0.8532382011413574 0.8075550079345704 0.29352359771728515 0.3848898887634277
0 0.41612987518310546 0.7237523555755615 0.02142200469970703 0.020630550384521485
0 0.3669309616088867 0.749464750289917 0.021564292907714843 0.021583938598632814
0 0.4092681884765625 0.7982422351837158 0.02809762954711914 0.03270883560180664
0 0.3826439380645752 0.7362242698669433 0.021111488342285156 0.022513198852539062
0 0.6083900451660156 0.8672430038452148 0.042077827453613284 0.08213157653808593
