2 0.9700353622436524 0.6651983737945557 0.059929275512695314 0.22618017196655274
3 0.438492488861084 0.19027376174926758 0.02919158935546875 0.07903156280517579
0 0.5179892539978027 0.7633798599243165 0.40274438858032224 0.47211055755615233
3 0.22903227806091309 0.38225398063659666 0.017753124237060547 0.07960052490234375
0 0.8646211624145508 0.6843765258789063 0.1512378692626953 0.20558643341064453
2 0.7908607959747315 0.6187644958496094 0.01614980697631836 0.057705116271972653
0 0.9703204154968261 0.7937088489532471 0.059359169006347655 0.3839560508728027
3 0.7665896415710449 0.45555858612060546 0.014072799682617187 0.0579498291015625
0 0.060491549968719485 0.6611173629760743 0.12098309993743897 0.5731803894042968
0 0.23249611854553223 0.6163370132446289 0.23924589157104492 0.3172481536865234
