2 0.279365611076355 0.8843311309814453 0.06591424942016602 0.21949267387390137
3 0.5160969734191895 0.2938816547393799 0.031735801696777345 0.1213862419128418
3 0.2442441463470459 0.7118071556091309 0.031863975524902347 0.12546186447143554
1 0.5085631847381592 0.9018390655517579 0.03383798599243164 0.05798072814941406
2 0.5079135417938232 0.870088005065918 0.03557500839233398 0.0938995361328125
0 0.9465831756591797 0.8649453163146973 0.10683374404907227 0.1663654327392578
0 0.38413176536560056 0.7402355670928955 0.024584007263183594 0.02670907974243164
0 0.33814430236816406 0.7387172698974609 0.02296290397644043 0.02183361053466797
0 0.3163585662841797 0.748656177520752 0.022873973846435545 0.030108833312988283
0 0.7395973205566406 0.8356422424316406 0.2969940185546875 0.3287154197692871
0 0.5390519142150879 0.8601617813110352 0.04133949279785156 0.07347259521484376
0 0.47529945373535154 0.8445627212524414 0.05271835327148437 0.056260299682617185
0 0.35461838245391847 0.7273889541625976 0.022020912170410155 0.022641658782958984
0 0.4289259910583496 0.6756691932678223 0.025494861602783202 0.019957828521728515
0 0.3543304443359375 0.887388801574707 0.09395503997802734 0.09123897552490234
