2 0.6622850894927979 0.8448087692260742 0.0862797737121582 0.21996402740478516
3 0.8925165176391602 0.2719849109649658 0.029846954345703124 0.10841579437255859
3 0.2807194232940674 0.6011947154998779 0.039337444305419925 0.13456077575683595
3 0.44183006286621096 0.6227627754211426 0.034903526306152344 0.10334186553955078
1 0.6630232810974122 0.888734245300293 0.08288631439208985 0.13644256591796874
0 0.77376708984375 0.8247689247131348 0.046991825103759766 0.046184349060058597
0 0.9392376899719238 0.8579681396484375 0.12152462005615235 0.28406381607055664
1 0.6679883003234863 0.9029268264770508 0.053995513916015626 0.10795211791992188
0 0.8487799644470215 0.8169496536254883 0.03266334533691406 0.034198570251464847
0 0.7298980712890625 0.8119621276855469 0.02299633026123047 0.020548248291015626
