2 0.9121423721313476 0.42467536926269533 0.1554351806640625 0.20678327083587647
2 0.10302332639694214 0.7096052169799805 0.1392725944519043 0.21167964935302735
0 0.4790607452392578 0.8016717910766602 0.7461576461791992 0.39665632247924804
3 0.02314920276403427 0.3940943717956543 0.046293148398399354 0.21748523712158202
3 0.705571460723877 0.4673144340515137 0.058410263061523436 0.13070602416992189
3 0.634459114074707 0.4632254600524902 0.08463878631591797 0.13308486938476563
0 0.22044732570648193 0.6915325164794922 0.4407792568206787 0.22579803466796874
0 0.8944839477539063 0.7277517318725586 0.2110321044921875 0.5444545745849609
3 0.6669533729553223 0.4656795024871826 0.13503684997558593 0.13794126510620117
3 0.7764219284057617 0.5020429611206054 0.0686614990234375 0.059852981567382814
1 0.11951297521591187 0.743184232711792 0.23888967037200928 0.19316625595092773
3 0.6497668266296387 0.46300745010375977 0.05555782318115234 0.13212358951568604
