2 0.6996185302734375 0.9034610748291015 0.10167932510375977 0.19307785034179686
3 0.2640934944152832 0.6592238903045654 0.042040252685546876 0.15098609924316406
3 0.9489005088806153 0.30656206607818604 0.03227920532226562 0.12026491165161132
3 0.457121467590332 0.6845922470092773 0.040322303771972656 0.10289030075073242
1 0.7007826328277588 0.9587718963623046 0.09729442596435547 0.08245620727539063
0 0.9679515838623047 0.8820122718811035 0.06409683227539062 0.23597545623779298
0 0.8768348693847656 0.9060739517211914 0.03141441345214844 0.03082733154296875
1 0.7029879570007325 0.9672104835510253 0.08053865432739257 0.06557903289794922
0 0.8204113960266113 0.913297462463379 0.04357929229736328 0.045995330810546874
0 0.7925914287567138 0.9014863014221192 0.02012319564819336 0.0188232421875
1 0.6989174365997315 0.9690171241760254 0.059440994262695314 0.06196575164794922
