4 0.3422614574432373 0.18436670303344727 0.08088064193725586 0.19657611846923828
4 0.7782443523406982 0.26379852294921874 0.08151559829711914 0.21472558975219727
4 0.4663290500640869 0.7993774890899659 0.15722332000732422 0.369339656829834
4 0.5233019351959228 0.12027108669281006 0.06932830810546875 0.18106231689453126
4 0.7705502510070801 0.6599809646606445 0.14070510864257812 0.33542823791503906
4 0.8242169380187988 0.4832480430603027 0.1258533477783203 0.285569167137146
4 0.12725346088409423 0.47606945037841797 0.14768557548522948 0.44272899627685547
4 0.42690048217773435 0.8054224967956543 0.24931790828704833 0.3868400573730469
4 0.24853553771972656 0.7271222114562989 0.1417325496673584 0.22560558319091797
4 0.14236803054809571 0.3847650051116943 0.11419553756713867 0.258052921295166
4 0.6363914489746094 0.21408820152282715 0.19979457855224608 0.17833491563796997
