2 0.8811156272888183 0.6937814712524414 0.19062156677246095 0.6110725402832031
2 0.22802891731262206 0.45394124984741213 0.21478853225708008 0.7494503021240234
0 0.8218114852905274 0.6984599113464356 0.34294376373291013 0.5228654861450195
3 0.604250717163086 0.15749017000198365 0.033612060546875 0.0937453031539917
2 0.37377951145172117 0.5718160152435303 0.20119938850402833 0.8145739555358886
0 0.03941659927368164 0.13712644577026367 0.06269550323486328 0.2567597389221191
2 0.5604268074035644 0.6658064842224121 0.273626708984375 0.667518424987793
0 0.49864654541015624 0.32191784381866456 0.11032238006591796 0.1727748394012451
0 0.26206018924713137 0.2462761878967285 0.23249545097351074 0.13635826110839844
1 0.09504593014717103 0.14208426475524902 0.07236541509628296 0.15183572769165038
1 0.17703207731246948 0.6272889614105225 0.35406415462493895 0.6577744483947754
0 0.2662953853607178 0.2540003776550293 0.24636688232421874 0.2177034854888916
1 0.3081913232803345 0.621412992477417 0.616382646560669 0.6925101280212402
0 0.19724050760269166 0.2433997631072998 0.10342061519622803 0.13225651979446412
