2 0.2697015285491943 0.5928018093109131 0.16152334213256836 0.6954045295715332
2 0.4836132049560547 0.4489118576049805 0.07994842529296875 0.310613226890564
0 0.1739213466644287 0.36148910522460936 0.12054834365844727 0.07219114303588867
2 0.4339138031005859 0.39999344348907473 0.024846267700195313 0.08953957557678223
1 0.8247408866882324 0.5506723880767822 0.20762367248535157 0.23737306594848634
2 0.27651979923248293 0.2659883499145508 0.05080270767211914 0.09212961196899414
3 0.5539737701416015 0.3360708951950073 0.012466049194335938 0.025284290313720703
1 0.47402138710021974 0.5597374439239502 0.04748716354370117 0.14259977340698243
2 0.8976231575012207 0.42463436126708987 0.038299179077148436 0.10119097232818604
1 0.9858726501464844 0.4998826026916504 0.02825469970703125 0.11152000427246093
