2 0.48133645846149115 0.4099136557202403 0.29724189177585714 0.7878034111284463
2 0.0757824855213716 0.18336333318900777 0.15147231695220226 0.34792638286926
2 0.3661872283054462 0.1635590622926078 0.1653832062648663 0.3271181245852156
2 0.9278317749343832 0.10481153053249581 0.05826190137487697 0.07734971821041647
1 0.17178560992864172 0.2841341840172667 0.343413025062541 0.4087560343848966
2 0.8033748436474738 0.12334811669703567 0.11443955629203575 0.24669623339407135
2 0.1711831480812213 0.10366446072938013 0.1600775130464649 0.20732892145876025
2 0.9863052167917487 0.17388129198782135 0.027389566416502625 0.1987808159317949
2 0.6546171894223671 0.0664790703536146 0.06997772777487286 0.1329581407072292
2 0.5833421842319759 0.03870676953106808 0.06997384299130577 0.07741353906213616
2 0.07761797066435726 0.07826101584512679 0.04982119783016015 0.15030151685552698
2 0.8475921710958005 0.1357292027480556 0.07202220526267225 0.11044271727787933
1 0.6640138000328084 0.26746781145940063 0.3063084960296711 0.41900966775044246
1 0.8643846887303149 0.29427659422736585 0.2707734996565371 0.3414387596346405
2 0.6034972023150427 0.1413186268017651 0.14255798019449228 0.15822990178706572
