2 0.5217696270763992 0.3989044189453125 0.2746577215853057 0.7305166533499053
1 0.19359215429783808 0.4432547212851168 0.38718430859567615 0.5193059131352589
2 0.6640980135524531 0.17796686345880683 0.07475897734452046 0.16484277898615057
2 0.3432159724790434 0.18645051898378315 0.07606981868104351 0.11338769161339962
2 0.06486586471045981 0.18489888509114583 0.10129465859317215 0.1745614716500947
1 0.4285674687673354 0.4227426548196812 0.6064583742642073 0.44619319414851644
2 0.14993641268337032 0.136174781876381 0.11467297495704666 0.218032806088226
2 0.824354544193787 0.24491669625946969 0.05210801224266519 0.14936133490668402
1 0.7959658530571992 0.4020642213147096 0.40806829388560156 0.4026440244732481
2 0.9103111853966346 0.18788183963660038 0.05757848374707224 0.07113252890230429
