2 0.5350922837769244 0.39236835427067923 0.31364116201742 0.7822534083379561
1 0.2273503104172184 0.4344380395652274 0.4547006208344368 0.596473889473157
2 0.03804676321715734 0.30235031699758075 0.07607787970993703 0.553903854340021
2 0.8357358311080214 0.23021248059395033 0.2429992330949859 0.2518628363073225
2 0.1667491532090469 0.16784613795534392 0.2846452386141272 0.3336149136695636
0 0.7820090888359228 0.4459440694052792 0.4357461300722399 0.5006750584589189
2 0.792372651468338 0.057560666778383875 0.09614525631547198 0.11345508582963511
1 0.9676412521333568 0.18701830982456547 0.0647174382613877 0.22081183258598372
2 0.8740783806350048 0.09472038524860932 0.15846479455405485 0.1873761690579928
2 0.4103638384975282 0.0403168431870801 0.07334965995027072 0.07986460728993312
1 0.5554734856844398 0.5146867199056953 0.4406884259872293 0.6613510101739707
2 0.4102879181195563 0.23764543702616495 0.11819906288621115 0.45228290745962774
2 0.591532964041902 0.3369353104390101 0.1715594792770127 0.6569960253713634
