2 0.5013927920589974 0.3947793163165199 0.3260279937255504 0.7893569268639931
2 0.31564108947132 0.17049760803876937 0.15222772101300946 0.3341515673977675
2 0.16726245907890397 0.09295161832894154 0.1524549148315252 0.18590323665788308
2 0.6578909750415075 0.2269518912112366 0.18014690726778565 0.45328585988347053
1 0.02932740645984722 0.23247568968791874 0.05865481291969444 0.27722357243162565
2 0.4196746248692231 0.1024590181172533 0.12613541382368995 0.2049180362345066
2 0.033965253760547445 0.10820833355142731 0.06770269180142376 0.21641666710285462
2 0.3410608994041121 0.06074071186059832 0.053984485165347526 0.12148142372119664
2 0.9107533639521925 0.15162305846513688 0.17141887992403565 0.17789607610308192
1 0.20496662700714155 0.2653164827075158 0.38453241206673033 0.3062701612300201
1 0.8539876479769378 0.31059342248516464 0.2920246596246134 0.32664267757585186
2 0.9098211341202693 0.04061703879106647 0.0806186459470524 0.08112713753903258
2 0.01446890102203236 0.13953123925108274 0.028900982164052548 0.2790624785021655
