2 0.5145747820536296 0.39453088452002244 0.32743600209554036 0.7890617690400449
2 0.12140432993570964 0.21959945160947636 0.24202887217203775 0.2595905296340912
2 0.6851170221964519 0.14315474580623908 0.09434916178385416 0.10850754088746335
2 0.9588330586751302 0.20891703531413736 0.08207931518554687 0.14311405570207242
2 0.045438408851623535 0.05044295259578499 0.09060087203979492 0.10086578856447262
2 0.8450921376546224 0.22338492570523016 0.17312946319580078 0.2201784937205667
2 0.045596142609914146 0.14973148186049776 0.09099299907684326 0.2994629637209955
2 0.25608978271484373 0.1404187017810083 0.1889165242513021 0.2808374035620166
1 0.4073464393615723 0.40702859417882986 0.8085200627644856 0.6059137827859905
2 0.8994199752807617 0.16178942773632424 0.06479759216308593 0.12841499922518246
