2 0.15504778348482573 0.46488582170926607 0.24624184461740348 0.4765260402972882
2 0.43571054018460786 0.3328434870793269 0.12598569576556867 0.32625579833984375
2 0.7108493218055139 0.602727303138146 0.17490086188683143 0.3599696892958421
0 0.8758991681612455 0.5924720764160156 0.248201663677509 0.18561645654531625
1 0.23516387205857497 0.6085389944223257 0.4305271001962515 0.4396991729736328
1 0.07378420462975135 0.20209549023554876 0.14343523979187012 0.06649189728956956
3 0.7493826059194711 0.3176727661719689 0.08393001556396484 0.028080573448768027
1 0.7577601212721604 0.6624108094435471 0.073883056640625 0.24995271976177508
3 0.9245045001690204 0.3139053124647874 0.08772431887113132 0.027544590143057015
1 0.10264304051032433 0.20247840881347656 0.2034188967484694 0.06750066463763897
0 0.6107353797325721 0.6142487159142127 0.08485618004432091 0.08833720133854793
0 0.6806652362530048 0.5985594896169809 0.22408723831176758 0.12020558577317458
