2 0.4472341060638428 0.5399303913116456 0.5008583068847656 0.625064754486084
2 0.07156052589416503 0.582763957977295 0.1430454969406128 0.284284782409668
0 0.9560325622558594 0.6068545818328858 0.08793487548828124 0.1224797248840332
0 0.6688444137573242 0.5757369518280029 0.12006454467773438 0.07703981399536133
1 0.475843620300293 0.6515332698822022 0.3611524343490601 0.44974794387817385
0 0.3179612159729004 0.5942590236663818 0.1600696086883545 0.2056828498840332
0 0.5908220291137696 0.6113041877746582 0.1663360595703125 0.14782314300537108
2 0.19763398170471191 0.5453609466552735 0.11093473434448242 0.2570993423461914
0 0.9267158508300781 0.5935213088989257 0.10610389709472656 0.08459529876708985
1 0.485488224029541 0.6537842273712158 0.24681336879730226 0.44760522842407224
