2 0.477789306640625 0.39008708000183107 0.08778305053710937 0.2364029884338379
4 0.6880349159240723 0.6511502742767334 0.0540557861328125 0.12556734085083007
4 0.7403278350830078 0.6491505622863769 0.053529548645019534 0.1245199203491211
4 0.7937214374542236 0.6485930442810058 0.05558137893676758 0.12707157135009767
4 0.260083270072937 0.6517076969146729 0.054674530029296876 0.12444963455200195
4 0.15335428714752197 0.6490057945251465 0.05442090034484863 0.12606143951416016
4 0.20635128021240234 0.6503004550933837 0.05101393461227417 0.12567806243896484
4 0.5804563522338867 0.6513804435729981 0.055289840698242186 0.1260934829711914
4 0.6342975616455078 0.6528923511505127 0.053419876098632815 0.12597332000732422
4 0.311814284324646 0.6509496688842773 0.05289998054504395 0.12580547332763672
4 0.4734776496887207 0.6514716625213623 0.05262260437011719 0.12673463821411132
4 0.5261721611022949 0.6514386177062989 0.051912689208984376 0.1264362335205078
4 0.36466455459594727 0.6530014038085937 0.05069580078125 0.12482757568359375
4 0.4201457977294922 0.6517910957336426 0.05189590454101563 0.12289867401123047
