2 0.523215389251709 0.3896416902542114 0.08660240173339843 0.23737435340881347
4 0.2609346628189087 0.6494290351867675 0.05316414833068848 0.12448005676269532
4 0.31233150959014894 0.6513854503631592 0.05420165061950684 0.12577648162841798
4 0.7942350387573243 0.6501458168029786 0.053039932250976564 0.12593669891357423
4 0.2064074993133545 0.6484381198883057 0.05646891593933105 0.12577743530273439
4 0.8470344543457031 0.6474589347839356 0.054125213623046876 0.13009319305419922
4 0.36579835414886475 0.6529119491577149 0.053455162048339847 0.1258090019226074
4 0.7411101341247559 0.6522862911224365 0.05269126892089844 0.12471084594726563
4 0.42059006690979006 0.6516120910644532 0.05515861511230469 0.12576255798339844
4 0.5273568630218506 0.6517205238342285 0.05047607421875 0.12599964141845704
4 0.4740156650543213 0.6512483596801758 0.05252351760864258 0.12725486755371093
4 0.6872025966644287 0.650699520111084 0.053832054138183594 0.12698040008544922
4 0.6345955848693847 0.65304594039917 0.053030967712402344 0.12489356994628906
4 0.5810601234436035 0.6520366191864013 0.052043724060058597 0.12310028076171875
