2 0.18907891787015474 0.5126112791208121 0.12047863006591797 0.3109878393319937
2 0.32348522773155797 0.5194332416240985 0.149812991802509 0.3844335629389836
2 0.6394076714148889 0.5268242542560284 0.11454560206486629 0.25669178595909703
2 0.4114679923424354 0.5280444071843073 0.027387068821833685 0.0937186387869028
2 0.9027623396653396 0.5163459411034217 0.11407932868370643 0.22142520317664513
2 0.9209613800048828 0.5155645517202524 0.07734159322885367 0.22170202548687273
2 0.7946588076077975 0.5157391474797175 0.05113425621619591 0.12812251311082107
1 0.8576524441058819 0.5603745533869817 0.06419607309194711 0.09391993742722732
1 0.3218564253586989 0.6264203144953802 0.16295638451209435 0.29993266325730544
2 0.8160351973313552 0.5301113128662109 0.02479091057410607 0.0941932751582219
