1 0.5373929500579834 0.621583080291748 0.3509185791015625 0.7049530029296875
4 0.3025170087814331 0.3797907829284668 0.11100592613220214 0.32603845596313474
2 0.5040842533111572 0.3614490509033203 0.4012791633605957 0.7227717399597168
1 0.0673535168170929 0.27977638244628905 0.10602725744247436 0.26566200256347655
2 0.9352642059326172 0.17240731716156005 0.12947168350219726 0.3448146343231201
2 0.40731115341186525 0.20408806800842286 0.1234400749206543 0.3806886672973633
1 0.6802174568176269 0.3131868362426758 0.10800762176513672 0.3218674659729004
2 0.0629036009311676 0.17391475439071655 0.11144229173660278 0.3476433038711548
4 0.3260354042053223 0.30727372169494627 0.03103981018066406 0.13025426864624023
1 0.405824613571167 0.2913783311843872 0.11166486740112305 0.2764040470123291
