0 0.5579599857330322 0.5739985466003418 0.17870502471923827 0.10981683731079102
0 0.2605327606201172 0.5632054328918457 0.10614528656005859 0.07594594955444336
2 0.6733063697814942 0.45682601928710936 0.09978065490722657 0.5205278396606445
2 0.41602678298950196 0.41780943870544435 0.16692426204681396 0.7633856773376465
1 0.39023962020874026 0.654574966430664 0.186370849609375 0.6339229583740235
3 0.09529189467430114 0.08468374013900756 0.055047237873077394 0.16936748027801513
0 0.16583789587020875 0.5562105178833008 0.08464992046356201 0.07279443740844727
1 0.6686790466308594 0.6236932754516602 0.07826881408691407 0.3394617080688477
2 0.7066454887390137 0.5816749572753906 0.024061012268066406 0.1071249008178711
0 0.3656767845153809 0.571379280090332 0.06862115859985352 0.07915410995483399
3 0.09356257915496827 0.28310136795043944 0.03796377182006836 0.06579399108886719
2 0.7583148956298829 0.5602131843566894 0.048447036743164064 0.18998184204101562
0 0.40476174354553224 0.572389793395996 0.14423036575317383 0.08462200164794922
0 0.11015231609344482 0.5590229988098144 0.032574796676635744 0.053745174407958986
3 0.9240598678588867 0.49274024963378904 0.01855812072753906 0.03814907073974609
0 0.07620207071304322 0.556922435760498 0.0999605894088745 0.058768939971923825
2 0.7878756046295166 0.5710436820983886 0.029384899139404296 0.1398111343383789
2 0.8378547668457031 0.5727576732635498 0.02698936462402344 0.14552364349365235
2 0.821375846862793 0.5815107345581054 0.03389396667480469 0.12069320678710938
