4 0.19654626846313478 0.6311598777770996 0.19932923316955567 0.5015180587768555
4 0.3696284294128418 0.527993106842041 0.16701097488403321 0.41928882598876954
4 0.13678908348083496 0.10401146411895752 0.05425395965576172 0.13094549179077147
4 0.909122085571289 0.21276359558105468 0.06837043762207032 0.16998432874679564
4 0.31884059906005857 0.08511126041412354 0.04350738525390625 0.11225626468658448
4 0.9759049415588379 0.17182254791259766 0.04812431335449219 0.1355764389038086
4 0.45460205078125 0.0762340784072876 0.03862838745117188 0.09234063625335694
2 0.7137013912200928 0.7317597389221191 0.228194522857666 0.5359783172607422
4 0.557412052154541 0.07065159678459168 0.033769989013671876 0.08291028738021851
4 0.7139281272888184 0.06185091733932495 0.02495746612548828 0.0698655366897583
4 0.631802749633789 0.06560842394828796 0.025311660766601563 0.07636953592300415
