4 0.19492692947387696 0.6349396705627441 0.2026987075805664 0.5078102111816406
4 0.13687222003936766 0.10400007963180542 0.05427451133728027 0.13083012104034425
4 0.9091623306274415 0.21256425380706787 0.06835994720458985 0.16951899528503417
4 0.36972153186798096 0.5287532329559326 0.1679750919342041 0.42073497772216795
4 0.31883940696716306 0.08516863584518433 0.043491268157958986 0.11205365657806396
4 0.9758940696716308 0.17172201871871948 0.048138427734375 0.13525063991546632
2 0.7137774467468262 0.7317386150360108 0.22880783081054687 0.5361176490783691
4 0.45454726219177244 0.0761799156665802 0.038514328002929685 0.09238837957382202
4 0.5575639247894287 0.07058823108673096 0.033530139923095705 0.08297317028045655
4 0.7139583110809327 0.06195851564407349 0.024926090240478517 0.06992516517639161
4 0.6317935943603515 0.06563159227371215 0.025335311889648438 0.07632682323455811
