4 0.40210390090942383 0.423185396194458 0.15712785720825195 0.35074901580810547
4 0.7073705673217774 0.46866745948791505 0.4117412567138672 0.8031281471252442
0 0.8488958358764649 0.4328015804290771 0.07325859069824218 0.06106376647949219
2 0.7922891616821289 0.434490966796875 0.02316875457763672 0.06505393981933594
4 0.29018774032592776 0.4204706192016602 0.10707645416259766 0.21054041385650635
2 0.33381199836730957 0.39757471084594725 0.02825756072998047 0.045207977294921875
4 0.1486008048057556 0.48650550842285156 0.028319668769836426 0.05763158798217773
0 0.5517096519470215 0.41407146453857424 0.16815872192382814 0.17023582458496095
4 0.19928971529006959 0.4641685962677002 0.04409492015838623 0.09986610412597656
4 0.2402522087097168 0.4470484733581543 0.04653768539428711 0.13459138870239257
0 0.45653910636901857 0.4456453323364258 0.04702577590942383 0.10696828365325928
0 0.9354928016662598 0.42911205291748045 0.12901439666748046 0.11485483646392822
