4 0.4023488894666089 0.4206580371909819 0.15769664812287526 0.35440214364309497
4 0.7076312587849765 0.46558424755723365 0.41241375272742875 0.8063442899656162
4 0.2860644990929001 0.4188346331498085 0.10272879181546646 0.21463822388715398
0 0.8497774132126046 0.4309068430100975 0.07294237464042887 0.06278881189882922
0 0.9351716620153961 0.42801838399307973 0.1295154523649974 0.11659185467988335
0 0.5519637103858852 0.4131674168833783 0.1682209350075183 0.17076104464305145
2 0.7924447797831132 0.433405629107547 0.023951574349503138 0.0668093965578212
4 0.14869884666538638 0.4853885406239119 0.021773446055136963 0.05860254824327559
4 0.19921507895242221 0.46317284884227017 0.04176635422965971 0.1008556227830127
2 0.33413408989686844 0.39542178523241645 0.028064201067681094 0.04461980198087134
4 0.24059167965685474 0.44285417732090004 0.04588293929479112 0.14317228269444202
0 0.4567665515085643 0.44349861676314417 0.046781468092148275 0.10740687123248172
