4 0.1362083673477173 0.10441067218780517 0.05685834884643555 0.13028113842010497
4 0.3709744930267334 0.5302690029144287 0.1675260543823242 0.4227867126464844
4 0.31912734508514407 0.08757438063621521 0.043108224868774414 0.10624414682388306
4 0.9771678924560547 0.1713794708251953 0.04566411972045899 0.13722014427185059
4 0.9094491004943848 0.21199727058410645 0.06603889465332032 0.17114267349243165
4 0.5571012020111084 0.06970794796943665 0.034420204162597653 0.08350235223770142
4 0.45498313903808596 0.07592896223068238 0.04007110595703125 0.09350268840789795
4 0.6325940132141114 0.0657454252243042 0.028729629516601563 0.07798304557800292
4 0.19503862857818605 0.6363390445709228 0.20198097229003906 0.5091645240783691
4 0.7132432937622071 0.06017590761184692 0.027344131469726564 0.06814203262329102
4 0.7098825454711915 0.6259730339050293 0.1641876220703125 0.23979587554931642
