4 0.22451443672180177 0.783322811126709 0.10594652891159058 0.2183135986328125
4 0.08245776891708374 0.6678898811340332 0.06457579135894775 0.16358518600463867
4 0.5733240127563477 0.4227947235107422 0.038756179809570315 0.11191883087158203
4 0.3781346321105957 0.4285689353942871 0.04365696907043457 0.11293866634368896
0 0.143448805809021 0.345731258392334 0.11770920753479004 0.11305618286132812
0 0.2419450283050537 0.3255091667175293 0.068275785446167 0.08999347686767578
2 0.29611797332763673 0.28087873458862306 0.054357290267944336 0.09337825775146484
4 0.15123870372772216 0.5412003517150878 0.04793710708618164 0.11109514236450195
4 0.11252179145812988 0.5979321956634521 0.04115757942199707 0.13220396041870117
4 0.2487257719039917 0.4057215690612793 0.02141733169555664 0.06258182525634766
0 0.09586555361747742 0.313258695602417 0.08405402898788453 0.10196065902709961
4 0.17772254943847657 0.5179113388061524 0.03558259010314942 0.1033111572265625
4 0.19692559242248536 0.4907974720001221 0.0340822696685791 0.09241447448730469
2 0.29546318054199217 0.266831636428833 0.04750881195068359 0.06617746353149415
4 0.23201396465301513 0.4247148036956787 0.023473358154296874 0.06873588562011719
2 0.44605112075805664 0.2587010383605957 0.018718528747558593 0.020659351348876955
