2 0.5032989360668041 0.4181453779959313 0.3104380854853877 0.8356548952065098
0 0.07370867552580657 0.5064024810457125 0.14741735105161313 0.9857943011060585
2 0.14117079310946995 0.11553900820942885 0.1043206497474953 0.1140039055822193
2 0.8184265560574002 0.247339995736888 0.2583807486074942 0.36539083601870215
2 0.29475201500786674 0.15165977561499933 0.11197660587452075 0.1638914479729383
1 0.5773928253738968 0.4441146015860059 0.5189732445610894 0.3346150938739401
0 0.5788772724292897 0.43098900459005746 0.5165570223772967 0.35882698576612077
2 0.6019398018165871 0.11684071313369718 0.11327683484112774 0.13354904542084073
2 0.8946428652162906 0.24970335511723024 0.1425169485586661 0.20140342795874933
1 0.493005046138057 0.7994762729502872 0.13754728105333117 0.1680764630273865
1 0.9067611694335938 0.3963023045913396 0.18647759049027055 0.3201167734759642
2 0.43577201278121386 0.09704652448190902 0.060154491000705294 0.06473502445012266
