2 0.525037673124221 0.42475710467667666 0.3284393919159544 0.8495142093533533
2 0.0722795633169321 0.2230300518967943 0.08598748231545472 0.16585765617620435
2 0.8350351882456375 0.28049178808101777 0.1008136455829327 0.2823297226759288
2 0.9287587570668625 0.18453166586926362 0.09745532087451032 0.14990936778954955
2 0.058838363386626936 0.25014582328892476 0.11574666384618167 0.21939603867999252
2 0.9363846738114316 0.3208122157329876 0.1272307393218038 0.34859702929441516
1 0.32968485253488916 0.46293467178152553 0.20698138723346243 0.22663252900169237
1 0.5409095525062322 0.5796119440112366 0.2989085922893296 0.5418194595452219
2 0.8342798129785435 0.231170077768321 0.10028406561609686 0.18265354723413885
2 0.028149504267592038 0.5108952366134683 0.05534188903634704 0.18476352643606345
