2 0.5227568008230078 0.41334227750773417 0.3228514794589711 0.8240282254709038
2 0.8305621355685131 0.2539129806939223 0.17808801115312195 0.4111260053209195
2 0.8887436461749878 0.3119878936232182 0.16112860113353378 0.475734854103031
2 0.014021403587941874 0.03751125670315927 0.02791574328008268 0.07502251340631853
2 0.07969159125354941 0.06011073272628593 0.04310491133709343 0.11882283872829046
2 0.16639218640860362 0.03135389552678082 0.0378629130223518 0.061542243288274394
2 0.12583125552815994 0.031413656727114415 0.04513209484756514 0.062154368350380344
1 0.4444443357002399 0.47929986556968596 0.4022887649758564 0.8791162017592811
2 0.6866348311087828 0.2634742182299009 0.09651147010143343 0.30312877071829963
1 0.9682893595496235 0.5044892198758615 0.0634212215857325 0.3490303823523653
1 0.19290072160281524 0.20992215952478854 0.32197794714984207 0.3204742469883204
1 0.6837837953261662 0.3276976774210918 0.10068825591062318 0.2493132015218711
1 0.053808184476357504 0.1871394489642074 0.10761636895271501 0.24855223156156994
