2 0.503220267917799 0.40120170537842387 0.3847087599475932 0.795913733235283
2 0.9537199979983502 0.3128031067929025 0.0925600040032997 0.3999359278644257
2 0.22048280451361932 0.11006138688426907 0.049924609577186856 0.16811450283983428
2 0.17094808384992075 0.08890711712779491 0.053049438982029636 0.17644733493610965
2 0.2641257686891418 0.0808393834000927 0.04588488466250971 0.09456483041980365
2 0.35702937977160976 0.04609875990749849 0.09598884029664854 0.091863636820426
2 0.8159947997541408 0.3237308382122049 0.18260631995665114 0.300910931233921
2 0.08997953110846921 0.05346613184303117 0.048244748796735494 0.10693226368606235
1 0.7768649462587345 0.37170949571069156 0.26435735161506857 0.3944947101879351
2 0.04064462002266515 0.048599049196404925 0.05715754017326402 0.09719809839280985
2 0.1458513879874725 0.06564876473267488 0.03201534831992835 0.12720928238321447
1 0.10508389996198887 0.2313976518755675 0.2097676910969041 0.30416530211958986
1 0.2798676737593815 0.27094071136548503 0.2887124640107402 0.31309712481556445
1 0.6665660787072981 0.32860507918905113 0.11375790550595238 0.2770724354298294
1 0.4256595587878494 0.5789243684265285 0.3754744124955519 0.6083607154088794
