2 0.7863176547414888 0.3946001487554506 0.42736469051702236 0.7885223814498546
2 0.5446625996411332 0.20379540731740553 0.1316074278296494 0.32894641964934596
2 0.5042285453982469 0.15988867471384446 0.14927701252262768 0.27433284315952033
1 0.645938408084032 0.49561960619549417 0.5801209240424924 0.7560188612827035
2 0.33406662359470274 0.18025648959847385 0.14044608139410253 0.2263121706940407
1 0.2833474011925178 0.20423433525617732 0.2538659165545208 0.27655494867369185
1 0.12628631281658886 0.16331744526707848 0.22358312839415015 0.2894455168968023
0 0.025020147726787786 0.16931695982467296 0.04999509284166786 0.08521407726199128
0 0.3484262605992759 0.033986986736918606 0.11509899976776868 0.06797397347383721
2 0.30344601762973195 0.17929898993913518 0.2022872087432117 0.22674336278161336
