2 0.44626670011152864 0.41299097709561106 0.3611925771635461 0.7427063745541254
2 0.37918168080003956 0.1582271490735984 0.08594127714047117 0.18464937044432383
2 0.45275295166359003 0.14988763397443974 0.07343658146811269 0.10988770288510002
2 0.0424058970519762 0.1299793915476456 0.0848117941039524 0.15270183932396672
2 0.6280810735732023 0.08482195189218071 0.11663998631988397 0.1631408199187248
1 0.9322588742198488 0.4336963587304203 0.13332850889482242 0.39372802431471
2 0.08455781896406085 0.1332864501044413 0.05353067561711608 0.1861469278264578
2 0.2007673346711278 0.1593623575442482 0.09684890768531337 0.20885743929198008
2 0.2721380563727914 0.11338802366043735 0.04736435430127022 0.10697150407890528
1 0.2359220609383241 0.3166472669274872 0.3729722335536436 0.31696878059330413
2 0.17116733341780394 0.16679117283217665 0.04715083855952224 0.19215703543007523
1 0.9322871169292809 0.49685979421913773 0.13225605853331576 0.266896250230207
