2 0.43658756474566357 0.4089130672118081 0.31138350925081454 0.7792697580781929
2 0.8351846434471366 0.24636224727382192 0.09297339261540932 0.27548986233436595
2 0.6981564156284417 0.16768254281470468 0.09446884356931443 0.20922158181926104
2 0.043272511374407754 0.08122926372522556 0.08654502274881551 0.1368721438903367
2 0.9319774386816263 0.0899029688966257 0.12882854444865088 0.1798059377932514
2 0.7693770936582232 0.2243361742210112 0.08139468289681993 0.2561643962059628
2 0.3730589744803139 0.12048035109612427 0.055607262161859856 0.1714017898404995
1 0.8783073705373532 0.4187650335507869 0.2433853485510738 0.4255871476036767
2 0.32844252173245914 0.1381383252730418 0.10141260088277808 0.1757076169578453
2 0.5542153065775285 0.12179648237877058 0.06716672474417218 0.1258526372840539
1 0.25471073100220265 0.2995702630359081 0.3109547843316928 0.3570917021865955
