2 0.51823405540491 0.3951683524269728 0.31817362763735085 0.7647172939852349
0 0.1575736011887831 0.13597855477962853 0.16257669393298696 0.07699131515790832
2 0.01934042409014162 0.13731135962144383 0.038205227033991644 0.17148842001860998
0 0.813075784726436 0.24015630566099155 0.37384838116593344 0.25167270876326653
0 0.36232611893835964 0.1493490566997408 0.16635193562430473 0.08641352143677526
0 0.5713371597833232 0.1418226110110493 0.2891814099160599 0.11120053657195852
1 0.211065989867769 0.2884395767307881 0.4142880732959142 0.342406338865652
0 0.7145534873394519 0.2403365321129373 0.5708929759399018 0.2531048516807316
2 0.49511610111372373 0.10241178596544566 0.027805266642647652 0.03560685211757444
2 0.2697315401243932 0.1143470380291249 0.022994229708674655 0.06623422274799468
0 0.025927444877747965 0.4640463583124509 0.05185488975549593 0.18283688047397062
