2 0.3096966833926152 0.3892104415206222 0.29281961497898673 0.7037848945136542
0 0.8238068867505082 0.1724249487524634 0.05284271653751694 0.04222185289537585
2 0.5060762648336933 0.16898462793848537 0.03164962313685637 0.15090936884149775
2 0.39642929449314024 0.23661314818236204 0.08248979935478065 0.25984826990076015
2 0.7890348770431064 0.17504781087239582 0.022243758204183603 0.09478491705817145
2 0.4473536628371655 0.17954057573198198 0.029104589446773375 0.1335793297570031
2 0.7627257473746613 0.16627914841110641 0.02325174802040989 0.052516724182678776
0 0.6759842043000508 0.1820037979263443 0.08615050277089685 0.06630537703230574
0 0.9378481815824018 0.17387354395411037 0.11274111367822663 0.07414953558294622
0 0.711157491213584 0.15653153153153154 0.0396985723397273 0.03785676698426942
1 0.49131663252667684 0.32037567963471286 0.14572060851223748 0.3066572584547438
2 0.8657683912654556 0.17179161277977195 0.01568504271468496 0.06044708801819398
1 0.720837270018208 0.3149827287003801 0.203637761475271 0.24177290083051803
2 0.8694198318936315 0.17254833874401745 0.02306938688283367 0.06076525439013232
2 0.5833401150173612 0.1713614661414344 0.017028271021235605 0.06735520921311937
0 0.656504561261433 0.18164637110254786 0.12169417714684959 0.06701871854764921
1 0.8621559866721714 0.2799640552417652 0.12477082870193937 0.20097777220579954
0 0.9228034290840955 0.17300313313802082 0.08090573856178015 0.07191410923863316
1 0.5513092289126016 0.2026245941986909 0.055517925479547765 0.08100124049831081
0 0.6137082479833588 0.17940134959177928 0.04744395847889143 0.05629141867697776
2 0.34120407724768165 0.22897248139252535 0.07055378735550051 0.2850298357439471
1 0.5652527847910315 0.201072527911212 0.08468838823520071 0.08318445704004786
2 0.33479749477975734 0.12580301095773508 0.0518669397204226 0.0777206902031426
1 0.322488304076156 0.5783651266012105 0.3472866482204861 0.548826365427928
0 0.6072303337779471 0.14370026459565033 0.03381508928004319 0.022901641570769987
