2 0.4999460856119792 0.4084803453985898 0.32499237060546876 0.7780111104115911
0 0.817607255415483 0.25119945062868954 0.3647854891690341 0.23944846729467298
2 0.14605710578687264 0.16232469092602136 0.05192644523851799 0.17282141094979853
0 0.2724315065326113 0.1563057277513587 0.15569175951408618 0.07296080353377998
2 0.0807588057084517 0.17349744164782843 0.06109191432143703 0.15081282677142874
0 0.4413098884351326 0.1659504720296102 0.1463488260904948 0.07876073331132286
0 0.052692020300662876 0.13461359758963293 0.10377023870294744 0.07888660688271587
1 0.11077216177275687 0.393274859152455 0.22154432354551373 0.3315329029821027
0 0.0057611208973508896 0.1978116014014477 0.011522241794701779 0.071499219719974
0 0.02723121065081972 0.14197986379734936 0.05446242130163944 0.06136281987180238
2 0.37638253876657196 0.13790241567448697 0.023400994503136836 0.06905432476632778
1 0.4157628377278646 0.6092745253349887 0.33903514977657434 0.6106712878912106
1 0.10319574529474432 0.21294452261174102 0.10910029555812026 0.10170450739596022
