2 0.47306325077231415 0.4171585886101974 0.37348761797470725 0.8210584138569079
2 0.4305918242676845 0.10706534937808389 0.07054992542807054 0.11605687994706003
0 0.9805244661883851 0.46377245451274673 0.03678179306661901 0.1911439273231908
2 0.6203965662871052 0.1957149144222862 0.09481053570516748 0.2402429841694079
2 0.08865226795470793 0.09652632863898027 0.1071869012836797 0.15409507349917764
2 0.9567619107647399 0.17104013543379934 0.07233397373706427 0.1727983334189967
2 0.2987389658011642 0.10259719848632813 0.09585707587614038 0.1692647351716694
2 0.3390768878080746 0.10934269152189556 0.049728360311138343 0.14987839548211349
1 0.7746054123689406 0.296167281301398 0.29433007333792893 0.22219032689144738
1 0.37620600947627314 0.3414552066200658 0.10678376507395493 0.12852638646175987
2 0.8272403226698666 0.13766877826891447 0.0692743039598652 0.14038179096422698
