4 0.2584652900695801 0.4554403781890869 0.0750992774963379 0.1107405662536621
4 0.6954824447631835 0.5155107498168945 0.08212156295776367 0.12432842254638672
4 0.2935497283935547 0.37794511318206786 0.055910491943359376 0.08416867256164551
4 0.5427485466003418 0.7408652305603027 0.11914558410644531 0.1815624237060547
4 0.5577644348144531 0.3100182771682739 0.0482025146484375 0.06507701873779297
4 0.4078350067138672 0.3180520057678223 0.04322183132171631 0.065631103515625
4 0.6832514762878418 0.3610812187194824 0.055488967895507814 0.07140140533447266
4 0.7309985160827637 0.4281015396118164 0.06031866073608398 0.10061454772949219
4 0.5963665962219238 0.6132593154907227 0.08442001342773438 0.14708938598632812
4 0.5369118690490723 0.9552244186401367 0.12744636535644532 0.08931427001953125
