4 0.25850481986999513 0.45532751083374023 0.07529373168945312 0.1109201431274414
4 0.6956352710723877 0.5154311180114746 0.08207321166992188 0.12456550598144531
4 0.29363455772399905 0.3779538869857788 0.056095218658447264 0.08409972190856933
4 0.5427651882171631 0.7407563209533692 0.1191481590270996 0.18210811614990235
4 0.5578361988067627 0.30982418060302735 0.04803667068481445 0.06532258987426758
4 0.4077300071716309 0.3179215908050537 0.04300775527954102 0.06548557281494141
4 0.6832234382629394 0.3609952926635742 0.0556035041809082 0.07139654159545898
4 0.7310262680053711 0.4278496265411377 0.06031494140625 0.10061349868774414
4 0.5965409278869629 0.6133209228515625 0.0840902328491211 0.14690628051757812
4 0.5371975421905517 0.9551972389221192 0.12852964401245118 0.08936290740966797
