4 0.25850958824157716 0.4553515434265137 0.07525386810302734 0.11087799072265625
4 0.6954303741455078 0.515561866760254 0.08238716125488281 0.12445735931396484
4 0.2936225652694702 0.3779843807220459 0.05614309310913086 0.08414707183837891
4 0.542756462097168 0.7407764911651611 0.11911125183105468 0.18206377029418946
4 0.5578440666198731 0.3098702669143677 0.048015594482421875 0.06524600982666015
4 0.4077305793762207 0.3179149150848389 0.04302206039428711 0.0655695915222168
4 0.6832377910614014 0.3610050201416016 0.05557260513305664 0.0713913917541504
4 0.7310039043426514 0.42786369323730467 0.06036596298217774 0.10057008266448975
4 0.5965276241302491 0.6133076667785644 0.08410921096801757 0.14694995880126954
4 0.5371404170989991 0.9551822662353515 0.12874488830566405 0.08939132690429688
