2 0.608655309677124 0.4838747978210449 0.32294158935546874 0.8283258438110351
2 0.32289953231811525 0.48465924263000487 0.15839872360229493 0.480941104888916
0 0.8834322929382324 0.5306435585021972 0.23275432586669922 0.14299430847167968
0 0.7472881317138672 0.5286751747131347 0.15524024963378907 0.11390933990478516
0 0.9617794990539551 0.5349253654479981 0.07644100189208984 0.16202430725097655
1 0.68712477684021 0.6593823909759522 0.3592251777648926 0.5962872505187988
0 0.2095365047454834 0.5365640640258789 0.07652264833450317 0.05363597869873047
0 0.3914607048034668 0.5381640434265137 0.03931865692138672 0.04254093170166016
0 0.022000358998775484 0.5541321754455566 0.033615127205848694 0.12247905731201172
1 0.3273621559143066 0.6083670139312745 0.13450374603271484 0.35392236709594727
0 0.15260655879974366 0.537120246887207 0.0475003719329834 0.04991331100463867
0 0.09401506781578065 0.547465705871582 0.06196705102920532 0.07854480743408203
