1 0.5228874133183405 0.6458832667424128 0.19074021852933443 0.5205014302180364
2 0.5059622984666091 0.4311069341806265 0.2395192293020395 0.6882343292236328
2 0.1415779315508329 0.5795537508451022 0.243024807709914 0.7301750183105469
2 0.8576276485736554 0.4286365509033203 0.26423909113957333 0.5281854776235727
2 0.07284787526497474 0.3214088953458346 0.09150168528923622 0.18483490210313064
1 0.13565707206726074 0.6778610669649564 0.22801942091721755 0.5369475438044622
1 0.8616715944730319 0.6697416305541992 0.22893678225003755 0.5559320816626916
2 0.9639893311720628 0.4927661602313702 0.0720213376558744 0.4444883786714994
0 0.3818788528442383 0.2682922436640813 0.042217217958890475 0.05565751515902006
2 0.25671929579514724 0.27187538146972656 0.03225526442894569 0.06640168336721566
2 0.6456391994769757 0.2890324592590332 0.032710882333608776 0.09231253770681527
2 0.014739107627135057 0.4032567831186148 0.029478215254270114 0.37332476102388823
3 0.28070409481342024 0.12145397296318641 0.03194788786081167 0.03649768462547889
2 0.2847029979412372 0.27188697228064906 0.027458576055673454 0.07150472127474271
