1 0.47046998830942005 0.6467856627244216 0.17885439212505633 0.5194019904503455
2 0.856803453885592 0.5254290654109075 0.23831484867976263 0.624947034395658
2 0.49494871726402867 0.4432358741760254 0.23828257047213042 0.7154271786029522
2 0.1427736098949726 0.42888590005727917 0.2630252471336952 0.5246239075293908
2 0.040373119024130016 0.4912421153141902 0.08074623804826003 0.4474038710960975
2 0.9270502237173227 0.3214410635141226 0.09026754819429837 0.184754151564378
0 0.6176715997549204 0.26715916853684646 0.04225866611187275 0.053195769970233626
1 0.8634721315824069 0.6791976048396184 0.2306804656982422 0.5350861182579627
2 0.9851832756629357 0.42589550751906174 0.029633375314565804 0.4187263342050406
1 0.13865499313061053 0.6426552992600661 0.2369698927952693 0.49920133443979114
2 0.4144832170926608 0.4437295106741098 0.09047071750347431 0.3924261973454402
2 0.7421475923978366 0.2717918249276968 0.03370116307185246 0.06548089247483474
2 0.35405298379751354 0.2906474333543044 0.030330107762263372 0.08899191709665152
2 0.7128628950852615 0.27243401454045224 0.028904181260329027 0.06954064735999474
1 0.8847229297344501 0.628405497624324 0.18668446174034706 0.4341593522291917
2 0.9273330981914814 0.3889970045823317 0.09241522275484525 0.3206049845768855
2 0.9841788365290716 0.48194379072922927 0.03164240030141977 0.5815334320068359
