2 0.16134051176217887 0.5319407903231107 0.1694035163292518 0.47405279599703276
2 0.04481545319923988 0.5935799525334284 0.08963090639847976 0.4115453500014085
2 0.8968844780555139 0.5238332014817458 0.1402612832876352 0.4030287815974309
1 0.4950579496530386 0.5750981110792893 0.130219239455003 0.3047424096327562
2 0.7554688820472131 0.5063121502216046 0.20363455552321214 0.5716775747445914
2 0.49048317395723784 0.4527784494253305 0.15418720245361328 0.4622025123009315
2 0.622398669903095 0.3744675929729755 0.08641411707951473 0.2473443838266226
2 0.6514500838059646 0.45734383509709287 0.08641749161940354 0.3002954629751352
1 0.7562227982741135 0.6242802693293645 0.125670653123122 0.34667532260601336
2 0.9126523824838492 0.25782387073223406 0.02022552490234375 0.06282696357140174
4 0.5766089145953839 0.7082996368408203 0.05529176271878756 0.18267521491417518
