2 0.48679571958323614 0.43815101148112945 0.22025166222112097 0.8763020229622589
1 0.7825000060731498 0.47909382896536534 0.4349999498965135 0.7472242587397997
1 0.21068419271440647 0.41035302951710867 0.41908913228049205 0.6178353872780277
2 0.9601138290481188 0.09164636425165465 0.079772265989389 0.1832927285033093
1 0.48191765173157647 0.48665018958932216 0.5274186395294037 0.7943362453924796
2 0.6469214899622979 0.06669368800494367 0.09755566345518502 0.13338737600988734
2 0.4462952874786225 0.07159356476645087 0.06750898218866605 0.14318712953290175
2 0.2582976118249087 0.05217157697819107 0.08317638036623523 0.10434315395638213
2 0.3769324003760494 0.04836860679377434 0.033714863791394586 0.09146040624963778
1 0.9137098018209733 0.6517078614730156 0.17258039635805347 0.5594029186033708
