2 0.4870130304704633 0.4523159727758291 0.24616345188073946 0.86676617057956
2 0.11502874943248012 0.10012430074263592 0.152510124340392 0.199196990655393
2 0.3720360471491228 0.06941152592094577 0.08335799501653303 0.1051429729072415
1 0.7819626122190241 0.4928012380794603 0.4356979236268161 0.7175777980259487
1 0.2076354277761359 0.42239453841228874 0.4152708555522718 0.583392318414182
2 0.898872643186335 0.0852024506549446 0.15824675978275768 0.16979190281459264
2 0.5787795217413652 0.09301596271748445 0.07240121406421327 0.1405828437026666
1 0.4295566960384971 0.5265376421870017 0.42174282408597175 0.7293776687310667
2 0.9354206553676672 0.11512526687310666 0.12915862234015213 0.2282529947709064
1 0.9200679712128221 0.5968613527259048 0.15986405757435582 0.7103979149643256
