2 0.49656938251696137 0.4224471846697536 0.3426611716287178 0.8151249898009139
2 0.8452228746916118 0.19812256735858966 0.12991179081431606 0.36707957295151356
1 0.847062629565858 0.5546575003442191 0.30587467394377055 0.46012292767318047
2 0.7085725215443394 0.19495342045477726 0.08447446321186267 0.33272399105540146
1 0.18979832164028235 0.39694102314682606 0.3795966432805647 0.43129644568221687
2 0.7609280368738007 0.17975158293004448 0.10974161248458059 0.30119702212181787
2 0.0575670694050036 0.12762129462418917 0.09410556993986431 0.2258737230425404
1 0.4859685395893298 0.489792427879712 0.46391788281892476 0.40433312956409106
1 0.5561292547928659 0.5988274716210428 0.29434967041015625 0.6237798147973441
2 0.1420231869346217 0.10489801949682809 0.06605337377180133 0.16614364145941274
2 0.2048278942442777 0.17161384761800344 0.13234719058923555 0.17718167217842282
