2 0.5074313168234669 0.3768062932150705 0.30202448312105706 0.753612586430141
4 0.8671321958443369 0.4126952035086496 0.07606062195110769 0.17899036407470703
1 0.9172654129529783 0.4729249817984445 0.1640347762846611 0.40977396283830914
1 0.5199654449319615 0.43494677543640137 0.6245587129548122 0.30031265531267437
2 0.9016846849325117 0.1604607105255127 0.05179606692891725 0.06345848526273455
2 0.28522548765083994 0.13260156767708914 0.07029045355711744 0.26037458011082243
2 0.05544854553652481 0.12437468767166138 0.11089709107304963 0.23172853674207414
2 0.40282651516193513 0.07948717900684901 0.11933848779526116 0.15897435801369802
2 0.32657121828464275 0.13191659109933035 0.1003234755824989 0.2636337620871408
1 0.520010039280278 0.5220904350280762 0.6142802350397961 0.5223073959350586
