2 0.4683716050200094 0.4083324806759781 0.291481262321975 0.8166649613519562
2 0.8499391487538254 0.0767288562157426 0.08944322833907133 0.1517653224955187
1 0.3639649931769362 0.4654566109654758 0.5152859157986112 0.44447423798335955
1 0.903108700969574 0.25678805647225217 0.1937826555327507 0.5096144941820706
1 0.526793686459069 0.5882743208098474 0.4488727979067355 0.7347863801910643
2 0.2527117827966837 0.20211959960289913 0.12925023368073946 0.2687867465638988
2 0.3156807534887741 0.17075214335393527 0.09491098982241643 0.33775200072270806
1 0.07529261242422905 0.6073302008429003 0.1505852248484581 0.6467467290336953
2 0.4989957360449035 0.2034839053369011 0.1032880937536782 0.40324855166974055
2 0.4964136960591749 0.10793717280623134 0.09699667375640007 0.21243083761604775
2 0.17263112903314795 0.3143105544841574 0.06022224498109405 0.20675817029229526
2 0.8899520040680908 0.05754782982783229 0.06806092343087923 0.11394141523528162
