2 0.4905355453491211 0.4269418768544015 0.3302310943603516 0.8528399858318392
2 0.7085922241210938 0.11412970746149782 0.15669841766357423 0.22586053316710425
2 0.8386236190795898 0.09794885604107967 0.10182762145996094 0.18897530811080515
2 0.09057936668395997 0.22624879847458804 0.16652603149414064 0.4388231371269851
2 0.2862797737121582 0.19940471128036416 0.16953582763671876 0.39649850814068904
1 0.451089604695638 0.5951419684404884 0.7226842244466146 0.7984278944672131
2 0.551602554321289 0.11728174178326717 0.11960906982421875 0.22946087779894553
1 0.7863855997721354 0.2954675226263661 0.427073605855306 0.5620772564997438
2 0.16564526557922363 0.22852871587367657 0.10798454284667969 0.29983587212901297
1 0.45484180450439454 0.4766704788624915 0.714434814453125 0.5413273045274077
1 0.559152094523112 0.5984391175984033 0.5102087974548339 0.7932630862043204
