2 0.17449089197012094 0.5442596582266 0.31297977154071516 0.5801268357496995
2 0.5857300391564002 0.4701529282789964 0.20908219997699445 0.48439289973332333
2 0.4233820621783917 0.37606088931743914 0.07876110076904297 0.20373973479637733
1 0.42970855419452375 0.4322797335111178 0.08855647307175857 0.13401335936326247
2 0.7382319523737981 0.4485475100003756 0.21015269939716047 0.357731268956111
1 0.7109102102426382 0.5349860924940842 0.2694983115563026 0.2755429928119366
2 0.2884212273817796 0.39009750806368315 0.040412187576293945 0.12876231853778547
2 0.8064730717585638 0.42940136102529675 0.0980997085571289 0.2585886258345384
2 0.872776985168457 0.3525571089524489 0.01779937744140625 0.0548712657048152
1 0.6370163697462815 0.596463130070613 0.4220424432020921 0.3935385483961839
2 0.6550900385929987 0.3349455319918119 0.04541939955491286 0.07977900138268104
