3 0.5080011367797852 0.3005980014801025 0.07455501556396485 0.3435848236083984
2 0.5822947978973388 0.7353484630584717 0.13719263076782226 0.528446102142334
0 0.9675374984741211 0.6700343132019043 0.06492509841918945 0.15699901580810546
0 0.7444663047790527 0.7883767127990723 0.1893402099609375 0.2597358703613281
0 0.8073301315307617 0.309800124168396 0.04491443634033203 0.05510745048522949
0 0.7937749862670899 0.5726762771606445 0.06588878631591796 0.09792060852050781
0 0.8004937171936035 0.38106570243835447 0.05189380645751953 0.07595987319946289
0 0.6599618911743164 0.4053781509399414 0.05076045989990234 0.08310530185699463
0 0.7042011260986328 0.3754147529602051 0.047195053100585936 0.06381797790527344
0 0.7396702766418457 0.34645509719848633 0.04550800323486328 0.06350970268249512
0 0.8946714401245117 0.19915874004364015 0.055632591247558594 0.06174049377441406
