4 0.1170834984098162 0.2721773556300572 0.11338244165693011 0.22859314509800502
4 0.393824713570731 0.27669239044189453 0.10835974557059151 0.23019676549094065
4 0.6039601053510394 0.2642428193773542 0.10186668804713658 0.2170783621924264
4 0.27668629373822895 0.27507216589791433 0.11161203043801445 0.23064989703042166
4 0.8361785071236747 0.26348584038870676 0.10735259737287249 0.22629404067993164
4 0.7357048988342285 0.26324377741132465 0.09444795336042132 0.21420875617436
4 0.11862695217132568 0.47005455834524973 0.060105706964220317 0.1844188485826765
4 0.2773932048252651 0.47897911071777344 0.05877312592097691 0.19605214255196707
4 0.8338440486363002 0.46702204431806293 0.055373191833496094 0.19479846954345703
4 0.7353089196341378 0.45899697712489534 0.05480044228690011 0.18739448274884904
