4 0.3834131386987353 0.41043810999147307 0.10719485179848662 0.41176584969579644
4 0.033019506158435276 0.5461743560160859 0.06603901231687055 0.2840494701644312
4 0.14956844906909994 0.48310892560840707 0.08887109962568301 0.332157798924629
4 0.27276077720177433 0.5308074951171875 0.077302569256316 0.31138901161936533
4 0.48704741652213285 0.4382557826759541 0.07874605369942596 0.2941513511635209
4 0.3291799249255587 0.5447802698366059 0.03385229803958436 0.14339629316751937
4 0.6982140681598415 0.30057692176121176 0.11138136588285855 0.4413959424404268
4 0.7876540148422151 0.3825640833131683 0.11392631605706655 0.4267752768367441
4 0.07876224180570052 0.5181757383993594 0.08929094115971113 0.31592339259684965
4 0.9410820082269156 0.42219741506210823 0.11669448223001597 0.37692434035219624
4 0.5487893335008902 0.37190048532851677 0.10539647310328155 0.4103996704461652
4 0.6300275461612844 0.3829270984570889 0.05847377814572077 0.284075959242199
