2 0.42233638763427733 0.5091100215911866 0.19907629489898682 0.5166125297546387
2 0.21498243808746337 0.4626267433166504 0.07762823104858399 0.29137086868286133
2 0.7042677879333497 0.43244495391845705 0.15933895111083984 0.3370822906494141
2 0.492383337020874 0.4143186569213867 0.11412429809570312 0.3718834161758423
0 0.22242138385772706 0.4009659767150879 0.22660222053527831 0.20011138916015625
0 0.9158708572387695 0.37803051471710203 0.1597646713256836 0.21795058250427246
0 0.7981768608093261 0.3636322975158691 0.16507301330566407 0.1629467010498047
2 0.9800434112548828 0.6146902084350586 0.03990325927734375 0.6698902130126954
1 0.4536834716796875 0.6305559158325196 0.2879781723022461 0.4242359161376953
1 0.5539560794830323 0.47324705123901367 0.057330989837646486 0.14077301025390626
1 0.5625592231750488 0.4664594650268555 0.07622051239013672 0.1554647445678711
2 0.5375926971435547 0.3855236768722534 0.06716394424438477 0.2563528537750244
0 0.6782556533813476 0.40786380767822267 0.23295936584472657 0.20314157009124756
1 0.7151589393615723 0.5542661666870117 0.16546669006347656 0.22184925079345702
2 0.03192540109157562 0.3671046495437622 0.034899729490280154 0.12246718406677246
2 0.8594303131103516 0.27278909683227537 0.05493850708007812 0.08236179351806641
0 0.05785752534866333 0.3427903413772583 0.05580116510391235 0.07152109146118164
