4 0.5108789443969727 0.6988288402557373 0.2174976348876953 0.4384566307067871
0 0.878350830078125 0.2215132236480713 0.1546794891357422 0.19540486335754395
4 0.6473433017730713 0.5617278099060059 0.11192865371704101 0.34698030948638914
4 0.7178196907043457 0.5077634811401367 0.11114768981933594 0.3074185371398926
0 0.5520408630371094 0.20115885734558106 0.06031494140625 0.12073038816452027
4 0.8061042785644531 0.4238412857055664 0.07955589294433593 0.25545578002929686
4 0.7740658760070801 0.46231718063354493 0.09712848663330079 0.2755331039428711
4 0.5754879474639892 0.6240992069244384 0.10088539123535156 0.36353559494018556
4 0.5905189514160156 0.6313903331756592 0.13765106201171876 0.3807877540588379
4 0.8440475463867188 0.3941610097885132 0.08497695922851563 0.23636937141418457
4 0.6660453796386718 0.2784851551055908 0.0331207275390625 0.09000716209411622
4 0.8646282196044922 0.36413798332214353 0.07024650573730469 0.19367475509643556
3 0.6904226779937744 0.14206475019454956 0.24112863540649415 0.2840888261795044
0 0.9581965446472168 0.16516293287277223 0.0836069107055664 0.20506689548492432
2 0.32532424926757814 0.17282335758209227 0.02784566879272461 0.06784729957580567
3 0.34220499992370607 0.022924712300300597 0.08003854751586914 0.04584209322929382
