4 0.5210321377048952 0.8251628120047544 0.0749311898033285 0.31307349832235537
0 0.30295948637690956 0.5191592354026348 0.18030449410403657 0.2319434116079388
4 0.828480539313392 0.8228576950339244 0.06839177100175624 0.35428465829598355
4 0.7430194511039251 0.5572864756153427 0.028048131638185772 0.10753548164186312
4 0.9228254279103479 0.5553428782902883 0.031476390882861284 0.14712422850014858
4 0.9016374627146521 0.5506671597198147 0.02700862833477364 0.13107633515129755
4 0.49727634018175737 0.6970693645688887 0.04875108240758809 0.25202233364389365
4 0.5178468756969223 0.550402416102293 0.031436535633641835 0.14937208269364105
2 0.8271024841798618 0.4798309277808043 0.04292524679764161 0.08684248402832805
4 0.7765412003094335 0.5480841925329338 0.028371982761624667 0.14277356324596374
2 0.9792797350649531 0.523655475791774 0.03878481998494648 0.17197250148573692
4 0.46420149245929976 0.5649243338172296 0.03418886182990912 0.18070826704264065
0 0.4910469429499331 0.4932179398090828 0.17225841620902096 0.25057301468403326
4 0.47954815907950493 0.6225682665164421 0.0373601037194748 0.20643284430405606
3 0.9691775183290589 0.4222652477621088 0.03616504516057092 0.09841205578787392
