4 0.7725862503051758 0.526996358235677 0.023354530334472656 0.05946146647135417
0 0.10368844270706176 0.5126452975802951 0.039853692054748535 0.041897159152560766
4 0.37380988597869874 0.5575689103868272 0.018238925933837892 0.05261306762695313
4 0.42064695358276366 0.5155892266167534 0.00906524658203125 0.0284912109375
4 0.6668116092681885 0.49852896796332463 0.015076351165771485 0.04395997789171007
4 0.9842264175415039 0.5767612457275391 0.031547164916992186 0.10731760660807292
4 0.6212858200073242 0.48707275390625 0.012028884887695313 0.031207784016927084
0 0.4792327880859375 0.49115676879882814 0.05959014892578125 0.10112440321180556
0 0.39037673473358153 0.4727968004014757 0.022643232345581056 0.021218702528211807
0 0.5229891777038574 0.4789477030436198 0.0214263916015625 0.03383856879340278
