4 0.42004899978637694 0.5037011888292101 0.011527442932128906 0.06023983425564236
2 0.38982186317443845 0.48348041110568574 0.011614704132080078 0.04711558024088542
4 0.717658519744873 0.4899024963378906 0.01811809539794922 0.05397839016384549
4 0.32367911338806155 0.5027098761664497 0.011511516571044923 0.028332010904947916
0 0.7948141098022461 0.4017011430528429 0.013663291931152344 0.02299991183810764
4 0.8454669952392578 0.5135198805067275 0.027068710327148436 0.07746336195203993
4 0.8397421836853027 0.5170687357584636 0.03818321228027344 0.08453538682725695
4 0.41998815536499023 0.5175294664171007 0.011292457580566406 0.03368513319227431
4 0.25080807209014894 0.5269204881456163 0.0136993408203125 0.04450302124023438
0 0.4609543800354004 0.48704499138726126 0.047876930236816405 0.0764250013563368
