4 0.4058690547943115 0.5301447126600477 0.012022686004638673 0.04066136678059896
0 0.23422179222106934 0.4918713887532552 0.027172946929931642 0.03170759412977431
4 0.6883633613586426 0.48617447747124565 0.015545463562011719 0.041439649793836804
0 0.3931107997894287 0.4675477769639757 0.024447059631347655 0.026581827799479166
4 0.7308115005493164 0.49456583658854164 0.021585845947265626 0.054927232530381946
4 0.7310961723327637 0.4831823984781901 0.02255725860595703 0.07909317016601562
0 0.5868799686431885 0.47867389255099824 0.04919166564941406 0.07281731499565972
4 0.9026628494262695 0.5312629275851779 0.041685867309570315 0.09684702555338541
0 0.5082720756530762 0.48586442735460067 0.04911823272705078 0.08268669976128472
4 0.6559523582458496 0.47243143717447916 0.010254669189453124 0.0324308607313368
4 0.9085321426391602 0.5305591159396701 0.030170440673828125 0.0938749525282118
