4 0.3261199951171875 0.571879408094618 0.020501995086669923 0.0711030748155382
0 0.04042227864265442 0.5333449469672309 0.06132570505142212 0.04551662868923611
4 0.18102332353591918 0.5542059156629774 0.01852853298187256 0.05273234049479167
4 0.31382968425750735 0.5116489834255642 0.011347341537475585 0.03430972629123264
4 0.2712644815444946 0.5255890740288629 0.01465902328491211 0.04283413357204861
0 0.5794741153717041 0.47139659457736544 0.03199748992919922 0.0504349602593316
0 0.4484954833984375 0.48414603339301215 0.04710884094238281 0.07613474527994792
4 0.3422535419464111 0.504382578531901 0.011633491516113282 0.03295169406467014
0 0.8735252380371094 0.37027570936414933 0.01573944091796875 0.020594278971354168
4 0.10869996547698975 0.5797721015082465 0.020565897226333618 0.06500227186414931
