4 0.42255282402038574 0.5134303198920356 0.009240150451660156 0.03503341674804687
4 0.11974117755889893 0.7999225192599826 0.06594645977020264 0.20931362575954862
0 0.49247035980224607 0.492336908976237 0.05165863037109375 0.08286904229058159
0 0.5834651470184327 0.4855634901258681 0.06336984634399415 0.08987325032552083
4 0.11661602258682251 0.7993213229709202 0.04546213150024414 0.20550774468315972
4 0.11924625635147094 0.7975555419921875 0.03196065425872803 0.20101318359375
0 0.5382917404174805 0.4787929534912109 0.025306129455566408 0.04044740464952257
4 0.9905942916870117 0.5220446268717448 0.018701934814453126 0.06871676974826389
4 0.7798556327819824 0.49516448974609373 0.0122955322265625 0.03306562635633681
4 0.8809574127197266 0.5088294135199652 0.013299179077148438 0.049023267957899304
4 0.8285634040832519 0.49879497951931423 0.013840675354003906 0.04156833224826389
