4 0.11819014549255372 0.721330091688368 0.03816988468170166 0.15395740932888455
4 0.17919352054595947 0.557757822672526 0.020514488220214844 0.055527581108940974
0 0.44109306335449217 0.4865446302625868 0.04852848052978516 0.07688920762803819
4 0.2901339054107666 0.5205551147460937 0.013524627685546875 0.03802897135416667
4 0.013959899544715881 0.6141729990641276 0.02658606767654419 0.08123609754774305
0 0.5803228378295898 0.4736075931125217 0.031001853942871093 0.05115602281358507
0 0.5043315887451172 0.4811656951904297 0.052145195007324216 0.08084199693467882
4 0.24867696762084962 0.5346160040961372 0.01567249298095703 0.04318254258897569
4 0.33617236614227297 0.506744384765625 0.012452459335327149 0.033207533094618054
4 0.34796953201293945 0.5042205810546875 0.012218236923217773 0.03291015625
