4 0.4215537071228027 0.5191343519422743 0.009212684631347657 0.02950439453125
0 0.24298229217529296 0.49383460150824654 0.023909950256347658 0.02871890597873264
4 0.7406379699707031 0.5188284132215711 0.017799568176269532 0.052152591281467015
4 0.6633820533752441 0.5046151055230035 0.015340328216552734 0.040736558702256946
4 0.6165587425231933 0.4904156155056424 0.010944747924804687 0.03181499905056424
4 0.591003131866455 0.48583077324761287 0.010570335388183593 0.022657097710503473
4 0.9641034126281738 0.5692953321668837 0.02984161376953125 0.08895458645290799
0 0.4764092445373535 0.4939633263481988 0.05910758972167969 0.1007674323187934
0 0.5209150314331055 0.4808794657389323 0.022857475280761718 0.03281834920247396
4 0.5679181098937989 0.4770856645372179 0.008490753173828126 0.02849511040581597
