4 0.44737784830729166 0.7752374267578125 0.0858934326171875 0.24175872802734374
0 0.12088486735026041 0.5460167236328125 0.21664404296875 0.2838452453613281
4 0.5355388590494792 0.6817010498046875 0.07889005533854167 0.18847076416015626
4 0.8144765625 0.871832763671875 0.07722395833333333 0.25511224365234375
3 0.231220947265625 0.08239710998535156 0.03027520751953125 0.09526834869384766
4 0.2793360595703125 0.6309442138671875 0.05631874593098958 0.14927447509765626
3 0.05940935262044271 0.05411884307861328 0.029897923787434895 0.08635536193847657
4 0.6871641438802083 0.837595458984375 0.0935858154296875 0.28613177490234376
2 0.5030560709635417 0.5268636474609375 0.12388765462239583 0.4026629943847656
4 0.3528634033203125 0.5734671020507812 0.036345947265625 0.1120953369140625
4 0.23175870768229168 0.5290009765625 0.020162577311197916 0.05367767333984375
4 0.26687278238932294 0.49337628173828124 0.020329182942708333 0.0740682373046875
0 0.18378826904296874 0.3803853759765625 0.03468315633138021 0.04144622802734375
4 0.32708907063802084 0.5548175659179687 0.028793233235677083 0.1274971923828125
0 0.7910894368489584 0.529466796875 0.23440799967447917 0.44291641235351564
3 0.07374173482259115 0.1915677490234375 0.015992523193359375 0.05491778564453125
