2 0.5089045715332031 0.2165536880493164 0.04859836578369141 0.18181085586547852
2 0.4054426193237305 0.18636765624537613 0.03397796630859375 0.12568459366307114
4 0.03631356716156006 0.8346381331935073 0.07262713432312012 0.32880343812884705
4 0.3773954772949219 0.5430750991358901 0.11248027801513671 0.24349865768895004
4 0.24699243545532226 0.22418079954205136 0.027643775939941405 0.08043260285348604
4 0.31280506134033204 0.3038000626997514 0.04457315444946289 0.05591305819424716
4 0.21219593048095703 0.1865066181529652 0.02352895736694336 0.06242497762044271
0 0.03837357997894287 0.1025290922685103 0.05257002830505371 0.05161981871633819
0 0.11434192657470703 0.09889052853439793 0.03857631683349609 0.055532007506399444
4 0.23155799865722657 0.1301510695255164 0.011186599731445312 0.030324177308516068
4 0.3596212387084961 0.3616542238177675 0.04692436218261719 0.17604761412649444
4 0.19079103469848632 0.16161161480527936 0.017953643798828123 0.055468515916304154
4 0.5147981643676758 0.4662257974798029 0.04249725341796875 0.05884881453080611
4 0.40133373260498045 0.40945977875680634 0.052077865600585936 0.21668971668590198
4 0.5249509811401367 0.5370587435635653 0.05147804260253906 0.07660282019412878
4 0.395186767578125 0.4025258728952119 0.03859973907470703 0.2077711856726444
4 0.3732530975341797 0.4282018199111476 0.05171726226806641 0.17656782901648319
