4 0.4046495564778646 0.9052743457612538 0.05810707092285156 0.1894512176513672
4 0.8230558776855469 0.8003027779715401 0.042898763020833335 0.14367226191929408
4 0.9005765787760417 0.8998558407738095 0.06111663818359375 0.1862069084530785
4 0.8299024963378906 0.9388870057605562 0.03675730387369792 0.12222598847888765
3 0.27367385864257815 0.26144247963314965 0.05613850911458333 0.1744615918114072
3 0.4060858917236328 0.3709645498366583 0.016607869466145835 0.05233710152762277
3 0.3565746561686198 0.29414117903936476 0.040457483927408854 0.16302417573474703
3 0.30324737548828123 0.037425296647208076 0.06690803527832032 0.07171874954586938
0 0.9674965413411458 0.5762270972842262 0.06500701904296875 0.06992085774739583
0 0.2985979715983073 0.5997050149100167 0.035387700398763024 0.061737469264439175
