3 0.19455716609954835 0.4148214817047119 0.05353379249572754 0.1720579147338867
2 0.03131032586097717 0.8025653839111329 0.04148554801940918 0.12510833740234376
2 0.08658270835876465 0.8001646041870117 0.044079136848449704 0.13414382934570312
0 0.2227468252182007 0.8292308807373047 0.20515551567077636 0.18532295227050782
0 0.029574140906333923 0.8032835006713868 0.05914828181266785 0.09571652412414551
1 0.36811559200286864 0.8428688049316406 0.041587448120117186 0.09470596313476562
0 0.4216297626495361 0.8238348007202149 0.0764474868774414 0.10488300323486328
0 0.6349369049072265 0.8745626449584961 0.17010822296142578 0.25087461471557615
1 0.08459586501121522 0.8274167060852051 0.04831031560897827 0.08728656768798829
3 0.6080721855163574 0.6063186645507812 0.021743392944335936 0.09833183288574218
0 0.49002861976623535 0.8299976348876953 0.10450811386108398 0.1195077896118164
0 0.8164614677429199 0.823695182800293 0.06080913543701172 0.03248519897460937
0 0.012798917293548585 0.8036909103393555 0.02559783458709717 0.10085830688476563
0 0.3460381269454956 0.8241783142089844 0.06294412612915039 0.11015663146972657
0 0.5479883193969727 0.8197632789611816 0.06001548767089844 0.10213603973388671
