4 0.11964402671988683 0.6668816407521566 0.18070801887803406 0.42153942584991455
4 0.40195173889626074 0.5116124947865804 0.11737954525547173 0.3145691553751628
4 0.31224805526151 0.46222039063771564 0.15062761670760527 0.5976850986480713
4 0.5846094029550334 0.37251802285512287 0.11835503032189289 0.4804353713989258
4 0.9283792044370229 0.2862819234530131 0.09510669271454557 0.34256279468536377
4 0.9858679152627028 0.1495110789934794 0.025225049666776002 0.07681553562482198
4 0.7409756493022424 0.4999403158823649 0.10957202474579557 0.12935996055603027
4 0.74217189177302 0.31591926018397015 0.11413224780832538 0.5045448541641235
4 0.9497726673388299 0.14450924595197043 0.02129940586235687 0.06488166252772014
0 0.33910189330122853 0.10916560888290405 0.09660100572891818 0.090934952100118
