3 0.7131689071655274 0.373600435256958 0.020203781127929688 0.0755910873413086
3 0.2505821704864502 0.5851298332214355 0.03210458755493164 0.08743019104003906
3 0.6100199699401856 0.37172660827636717 0.020214653015136717 0.0758397102355957
3 0.29512345790863037 0.5276484489440918 0.03019061088562012 0.11455097198486328
0 0.5624128341674804 0.7378893375396729 0.6890155792236328 0.5242213249206543
0 0.9615575790405273 0.8359799385070801 0.07688474655151367 0.32647857666015623
0 0.14046089649200438 0.7781250953674317 0.2269690990447998 0.10409431457519532
0 0.047751784324645996 0.7626456260681153 0.09550356864929199 0.10805339813232422
0 0.9361888885498046 0.7986890792846679 0.12249813079833985 0.2123565673828125
2 0.2349391222000122 0.44164605140686036 0.026529645919799803 0.05532054901123047
