4 0.3178870677947998 0.76419095993042 0.06900310516357422 0.21994857788085936
4 0.23177032470703124 0.7430153846740722 0.058069610595703126 0.1700601577758789
4 0.4731630325317383 0.8229147911071777 0.0810028076171875 0.2531108856201172
4 0.1510331392288208 0.7168550968170166 0.044583797454833984 0.1313253402709961
4 0.5469303131103516 0.8593024253845215 0.09237861633300781 0.28139510154724123
4 0.08744062781333924 0.6972236633300781 0.04549945592880249 0.10788116455078126
4 0.0176859050989151 0.6726321220397949 0.02985197901725769 0.0815359115600586
4 0.9567173004150391 0.8785784721374512 0.08644599914550781 0.24284305572509765
4 0.05178019404411316 0.6830553531646728 0.0363572359085083 0.10015182495117188
2 0.551080322265625 0.512942886352539 0.028404998779296874 0.06058311462402344
