4 0.42630786895751954 0.7876458644866944 0.07299940586090088 0.21902914047241212
4 0.3220812797546387 0.7377922058105468 0.05400667190551758 0.1460796356201172
0 0.8243315696716309 0.5307535648345947 0.1568300247192383 0.08821334838867187
4 0.24561729431152343 0.6971304893493653 0.043389415740966795 0.1275308609008789
4 0.637300682067871 0.8602041244506836 0.15000467300415038 0.27959165573120115
4 0.20962085723876953 0.6782670497894288 0.04187155961990356 0.10128488540649414
0 0.6739404678344727 0.5360013484954834 0.0919301986694336 0.06184587478637695
0 0.9616656303405762 0.5287476062774659 0.07666873931884766 0.10966482162475585
4 0.16105153560638427 0.6448647499084472 0.02897987365722656 0.10018558502197265
4 0.11047232151031494 0.6286945343017578 0.024057871103286742 0.06578435897827148
4 0.6363462448120117 0.8593413352966308 0.0933319091796875 0.28131728172302245
4 0.1310552477836609 0.6381810665130615 0.027506327629089354 0.07578353881835938
4 0.6240654945373535 0.8596414566040039 0.22437496185302735 0.2807170867919922
0 0.5617630004882812 0.5329757690429687 0.11131477355957031 0.06305713653564453
