4 0.5229951858520507 0.6471661567687989 0.026282691955566408 0.07886085510253907
4 0.4219229221343994 0.6559598445892334 0.025507259368896484 0.08109455108642578
4 0.3134096622467041 0.6581461906433106 0.026896858215332033 0.08140506744384765
0 0.6288058280944824 0.5764352798461914 0.08628435134887695 0.06375732421875
0 0.771040964126587 0.6035438537597656 0.07845830917358398 0.08187446594238282
0 0.9014213562011719 0.6713127136230469 0.19715728759765624 0.2940235137939453
0 0.7097142219543457 0.5831218719482422 0.08052902221679688 0.061161041259765625
4 0.16732387542724608 0.649360179901123 0.019472932815551756 0.06485786437988281
4 0.20483880043029784 0.652957534790039 0.02511242628097534 0.07713661193847657
1 0.006258541345596313 0.6068898200988769 0.012505847215652465 0.05835847854614258
4 0.2576843976974487 0.6562637329101563 0.0319760799407959 0.08275012969970703
4 0.19906919002532958 0.6532786369323731 0.03828630447387695 0.07849178314208985
4 0.14540168046951293 0.6406412124633789 0.018387889862060545 0.06235923767089844
2 0.005975353717803955 0.5920549392700195 0.011921805143356324 0.06811943054199218
