0 0.7182506084442138 0.8493179321289063 0.269271183013916 0.3013640880584717
3 0.13969268798828124 0.46045169830322263 0.037921810150146486 0.072369384765625
0 0.9472976684570312 0.8689691543579101 0.10521507263183594 0.26206178665161134
3 0.845606803894043 0.5569093704223633 0.040692138671875 0.1452411651611328
0 0.0676552414894104 0.8403177261352539 0.1353104829788208 0.1538853168487549
0 0.3848681926727295 0.7921380043029785 0.4569268226623535 0.415376091003418
0 0.8643108367919922 0.8314483642578125 0.023741722106933594 0.03548164367675781
2 0.27820143699645994 0.7310694694519043 0.11966876983642578 0.15016441345214843
2 0.2740969181060791 0.7578754425048828 0.10799884796142578 0.0963470458984375
3 0.1003682017326355 0.47851738929748533 0.03786346912384033 0.033648204803466794
3 0.8433945655822754 0.6877264976501465 0.026092338562011718 0.06330585479736328
0 0.9461226463317871 0.8045347213745118 0.10775470733642578 0.3909304618835449
1 0.14243839979171752 0.8803188323974609 0.04503412246704101 0.10116443634033204
