0 0.14306602478027344 0.8220993041992187 0.2859546661376953 0.3507413864135742
2 0.273122239112854 0.6940269947052002 0.044597959518432616 0.11020736694335938
3 0.8322711944580078 0.5698000907897949 0.028319549560546876 0.08244590759277344
0 0.6575155258178711 0.765620756149292 0.17185211181640625 0.20865774154663086
3 0.2431882381439209 0.2399705171585083 0.0295440673828125 0.10655808448791504
1 0.27581400871276857 0.7332864761352539 0.04504079818725586 0.08323554992675782
3 0.023341432213783264 0.5354910850524902 0.029415661096572877 0.09623050689697266
3 0.6725007057189941 0.6057929992675781 0.015102386474609375 0.029993057250976562
0 0.9172784805297851 0.7146138191223145 0.06416168212890624 0.07295970916748047
0 0.09119012355804443 0.7062741756439209 0.08921430110931397 0.07236747741699219
0 0.3230459213256836 0.6823127746582032 0.0552025318145752 0.06039743423461914
0 0.39236085414886473 0.7005205631256104 0.06897082328796386 0.08597898483276367
0 0.4738492012023926 0.6921389102935791 0.0590667724609375 0.06499414443969727
0 0.5240863800048828 0.700968074798584 0.07098655700683594 0.08096542358398437
0 0.2424168586730957 0.6591904163360596 0.04941978454589844 0.03770284652709961
