4 0.38698348999023435 0.7559113502502441 0.0423614501953125 0.11420745849609375
4 0.24115028381347656 0.7410977840423584 0.041292667388916016 0.10669517517089844
4 0.4488201141357422 0.6723757266998291 0.019402313232421874 0.05136528015136719
4 0.8382041931152344 0.6980037689208984 0.02503814697265625 0.05782861709594726
4 0.7647149085998535 0.7665730476379394 0.03659486770629883 0.1126312255859375
4 0.2999297618865967 0.6589693069458008 0.018064165115356447 0.05185022354125977
4 0.07615737915039063 0.6334073066711425 0.013902807235717773 0.02744598388671875
4 0.15489563941955567 0.6545982360839844 0.017460012435913087 0.04502792358398437
4 0.9077194213867188 0.7014598369598388 0.018731689453125 0.057499027252197264
4 0.6021855354309082 0.6802311897277832 0.020148849487304686 0.05724611282348633
4 0.5856482505798339 0.7051218986511231 0.024365615844726563 0.06238422393798828
4 0.5390613555908204 0.732328224182129 0.029617691040039064 0.07989959716796875
4 0.5239514350891114 0.6727781295776367 0.021544647216796876 0.056620025634765626
4 0.5114211082458496 0.7432581901550293 0.04327116012573242 0.0876272201538086
2 0.8793575286865234 0.6095022201538086 0.034413719177246095 0.08240089416503907
4 0.21260514259338378 0.7073660850524902 0.031135356426239012 0.09015235900878907
4 0.5659768104553222 0.7224401473999024 0.029592323303222656 0.0763326644897461
0 0.5534835815429687 0.5845823287963867 0.04465923309326172 0.05206756591796875
4 0.2028789758682251 0.7087428092956543 0.05478701591491699 0.0933502197265625
2 0.7332415580749512 0.6432949066162109 0.03924274444580078 0.11787843704223633
1 0.6512843608856201 0.6649042129516601 0.03535747528076172 0.06888046264648437
2 0.51920485496521 0.5932002067565918 0.016126441955566406 0.03761091232299805
1 0.6484233856201171 0.643730354309082 0.041710853576660156 0.11195087432861328
0 0.2548438549041748 0.5784642696380615 0.05145320892333984 0.05208864212036133
2 0.8782791137695313 0.6329066753387451 0.040687942504882814 0.12628669738769532
2 0.7806856155395507 0.6367071151733399 0.026128768920898438 0.05503664016723633
0 0.7755635261535645 0.5864275932312012 0.0912008285522461 0.03979063034057617
1 0.9665143966674805 0.6596302032470703 0.06627883911132812 0.12073802947998047
1 0.9820997238159179 0.6584216117858886 0.03527641296386719 0.11756696701049804
