0 0.14869461059570313 0.8307229995727539 0.2973440170288086 0.33832778930664065
3 0.2731817960739136 0.30374894142150877 0.02962522506713867 0.09842033386230468
2 0.2553997039794922 0.7063027858734131 0.047246551513671874 0.0966670036315918
3 0.7996647834777832 0.5910419464111328 0.024708366394042967 0.0732924461364746
3 0.6542044639587402 0.6228538513183594 0.017980194091796874 0.027353668212890626
0 0.6352249145507812 0.7755111694335938 0.16787261962890626 0.19879150390625
3 0.07818597555160522 0.5895442008972168 0.023865747451782226 0.0353947639465332
0 0.5361365795135498 0.7142692565917969 0.07370586395263672 0.08049335479736328
0 0.33832364082336425 0.7005738735198974 0.06035690307617188 0.058143329620361325
2 0.03433216512203217 0.6411983489990234 0.043014878034591676 0.049597549438476565
3 0.4889007568359375 0.5294697761535645 0.0131317138671875 0.032328033447265626
