4 0.6262217998504639 0.7153666496276856 0.04825458526611328 0.14017162322998047
4 0.8415708541870117 0.7413730621337891 0.050771331787109374 0.14979114532470703
2 0.9825488090515136 0.6462814807891846 0.03490238189697266 0.3211833000183105
4 0.37424654960632325 0.6115324020385742 0.02354769706726074 0.06368408203125
4 0.41276254653930666 0.6015589714050293 0.020684432983398438 0.05226917266845703
4 0.0776711344718933 0.5965983390808105 0.031912803649902344 0.06809844970703124
4 0.14143496751785278 0.5780808448791503 0.022254347801208496 0.05819911956787109
4 0.1741078734397888 0.6255040645599366 0.025305628776550293 0.07156982421875
4 0.09942376613616943 0.5607665538787842 0.02453434467315674 0.07852487564086914
4 0.11942739486694336 0.6286588668823242 0.028265213966369628 0.07326335906982422
4 0.30141382217407225 0.6368666648864746 0.03326253890991211 0.08238048553466797
0 0.8264086723327637 0.5177338600158692 0.07441062927246093 0.055536079406738284
4 0.3327167510986328 0.5855254173278809 0.015813350677490234 0.04511070251464844
4 0.16315951347351074 0.5423161506652832 0.019395732879638673 0.05380954742431641
2 0.9621123313903809 0.4616395473480225 0.036810874938964844 0.09257211685180664
1 0.017595453560352324 0.6063701629638671 0.035171803832054135 0.11611671447753906
4 0.057731008529663085 0.5409345626831055 0.021666109561920166 0.047916221618652347
