3 0.32285304069519044 0.5 0.2921748161315918 1.0
3 0.35809946060180664 0.500394058227539 0.4331258773803711 0.9992118835449219
3 0.09860776662826538 0.6790572166442871 0.19721553325653077 0.6402227401733398
3 0.04990674257278442 0.5878872394561767 0.09980725049972534 0.2973946571350098
3 0.32169628143310547 0.6256232261657715 0.2660942077636719 0.7471076965332031
3 0.5067229747772217 0.8925765991210938 0.15157613754272461 0.21484670639038086
3 0.05203016996383667 0.8843610763549805 0.10396184921264648 0.2305298328399658
3 0.3133223056793213 0.32630941867828367 0.27333946228027345 0.6526188373565673
3 0.38733596801757814 0.7286032199859619 0.3909465789794922 0.5425732612609864
3 0.2681020021438599 0.5002925395965576 0.5362040042877197 0.9974793434143067
3 0.2939692258834839 0.6632048606872558 0.5870211124420166 0.673219871520996
