2 0.7858201503753662 0.030932849645614623 0.04086732864379883 0.06186114549636841
2 0.6883145332336426 0.03191343545913696 0.04075145721435547 0.06376841068267822
1 0.5752021789550781 0.5327894210815429 0.8484916687011719 0.9283512115478516
2 0.6275865077972412 0.035234367847442626 0.04991998672485352 0.0704225778579712
2 0.6180843830108642 0.035663509368896486 0.029328441619873045 0.07132701873779297
2 0.6533180713653565 0.02908472716808319 0.026795482635498045 0.05816507935523987
1 0.6610075473785401 0.40990657806396485 0.6779849052429199 0.6972617149353028
1 0.7783079147338867 0.32951745986938474 0.44338417053222656 0.5494216918945313
0 0.07789082527160644 0.07036339044570923 0.03636884689331055 0.026893043518066408
2 0.6472943305969239 0.03191293776035309 0.03705129623413086 0.06380998492240905
