2 0.23436224460601807 0.15019432306289673 0.037523651123046876 0.09536502361297608
1 0.33715028762817384 0.3281038761138916 0.3113414764404297 0.3212238311767578
1 0.4919266700744629 0.5115707397460938 0.4880708694458008 0.5250133514404297
2 0.19758106470108033 0.1345041036605835 0.026001238822937013 0.06314001083374024
2 0.06998871564865113 0.135763680934906 0.03379812240600586 0.07860887050628662
2 0.1305448293685913 0.15292216539382936 0.05653481483459473 0.09951522350311279
0 0.5945744991302491 0.12397267818450927 0.046652030944824216 0.02769474983215332
0 0.41521339416503905 0.12381652593612671 0.04376373291015625 0.024607348442077636
0 0.6884252548217773 0.12877295017242432 0.0698760986328125 0.023671627044677734
2 0.7669750213623047 0.19082447290420532 0.1499479293823242 0.16970717906951904
0 0.4681988716125488 0.12145166397094727 0.05008773803710938 0.03094925880432129
1 0.7723341464996338 0.22652676105499267 0.14900617599487304 0.11397418975830079
2 0.18203630447387695 0.12993510961532592 0.012747430801391601 0.04779419898986816
2 0.1527845859527588 0.12370631694793702 0.017871522903442384 0.04646511077880859
1 0.804131031036377 0.6885345458984375 0.3917379379272461 0.622930908203125
2 0.7422060012817383 0.1775369167327881 0.10400667190551757 0.14197196960449218
0 0.506840705871582 0.1198386311531067 0.028676223754882813 0.018489360809326172
