2 0.5203943309669723 0.4928774175623673 0.5618415421354557 0.9367157435973992
0 0.9750732604614989 0.7091486904524947 0.049853479077002244 0.024062818782344744
0 0.8614110889549027 0.7123573772973063 0.10039671024162612 0.026094019539543524
4 0.7893613712516373 0.7152146260449841 0.0180916243684506 0.021121598099953558
0 0.6884364053874672 0.7139849166708134 0.02497498289553705 0.019499242179206476
1 0.5414174245503134 0.6595241927290671 0.836386766262397 0.6063663944317277
2 0.38975675662834486 0.7201830951018445 0.01412838233445219 0.02089417411010483
2 0.40576468827481754 0.7197020706857086 0.014365464627385853 0.02009760700719878
2 0.11685770000526291 0.7225803124170648 0.014442946382625374 0.01920592354614517
2 0.035066279108652815 0.7238856354083731 0.01469371989815535 0.022322604104465234
