2 0.6392010842261648 0.5105304458921107 0.5955739185275533 0.939084235403605
1 0.43631438999097316 0.6195934459084378 0.7392477379212518 0.7022283508237004
4 0.40460104332337515 0.6412977898257902 0.0183302342809706 0.026719494922283177
4 0.18055676823633082 0.6338090248865269 0.022182312431492865 0.027989817014433125
0 0.6776702754927141 0.629740333357824 0.06390229740693776 0.020455195985991378
0 0.7290152401510919 0.6303018312842869 0.055119237676775276 0.021331818998171367
0 0.18244136511213677 0.6161424403653997 0.03850221699500838 0.022459151727403343
0 0.23204428818399672 0.6026488875146944 0.06172921077093363 0.037440699594272465
0 0.40648205113050206 0.6200381032850052 0.08255046860223951 0.02051737913891066
4 0.9219572757264443 0.646011910592999 0.013075795757393397 0.01664238015935214
