2 0.4386449713456003 0.4960146045116023 0.5525375767758018 0.8110176222935822
0 0.5675973992598684 0.27780727742917494 0.3245097511693051 0.0917834363448217
0 0.889575918097245 0.2667418948224714 0.21835214715254933 0.07315768778442626
0 0.1255817413330078 0.24307311647691973 0.1988035904733758 0.147295623839968
4 0.6745574148077714 0.3193655450111829 0.05276316592567845 0.05053723071725895
1 0.5497744911595395 0.6638564001731797 0.7700264378597862 0.6525762417681411
4 0.01840729838923404 0.3149390704115153 0.036009931564331056 0.0740546345947751
4 0.10205185538844058 0.31940091627966577 0.046841927578574735 0.051255030850055915
4 0.927238624974301 0.310683567054703 0.050225187602796054 0.07226929560333313
4 0.6834139372173108 0.33490408865168364 0.09761790225380346 0.10860356658874876
