2 0.4607788420071567 0.5011073314095903 0.42880624924262944 0.7767906642016775
0 0.13423946130014683 0.30350925690204683 0.26847892260029366 0.06487953747819551
1 0.49244968386462135 0.6740774122949451 0.7903973655979128 0.5209216120124146
4 0.8785508427306683 0.35234058950972386 0.05056484250256615 0.051379749723964516
4 0.8080802416279368 0.33801588479809974 0.0529189283830406 0.0648033160211921
4 0.6256455470175639 0.3512550770811684 0.05071726332615762 0.05108450484105923
4 0.5771783981880132 0.34830074355607926 0.048461412861399406 0.041830357349966596
2 0.7705740824233006 0.30669423010456875 0.029986806159471944 0.0434566506863773
4 0.5193449145686018 0.3441549921828608 0.043793949767620896 0.036925037229995544
4 0.6830044488837249 0.3368800654830389 0.03938889329450844 0.03660072453514697
