2 0.47601102872659234 0.44322620401127205 0.45940600096724415 0.7433690723131463
4 0.7806921223647721 0.04510084091891917 0.07576233376073473 0.060712763282794444
4 0.3981645307468094 0.035943126446429254 0.07426280829742665 0.07124119779489337
4 0.6529564893882693 0.026493077150516558 0.06655394575978053 0.052986154301033116
4 0.1841103357213144 0.024103292293502176 0.06720254621432938 0.04820658458700435
4 0.29725775099892654 0.024820207099264847 0.0636457778115309 0.04964041419852969
4 0.08463378352973297 0.019466773726934353 0.0747118360213651 0.038933547453868705
4 0.025558362480338295 0.03471446443358187 0.05035324679076217 0.06621871725486143
4 0.4995088067673545 0.016638367135449337 0.09786518475481572 0.033212896101086097
4 0.6123801078505189 0.016786483662551917 0.05175292036915553 0.03348292747553248
2 0.957692211820879 0.028934042529178073 0.08461557635824189 0.057868085058356146
4 0.5152237870311009 0.016409143044130645 0.06556046464061009 0.03281828608826129
1 0.4852646106982049 0.6340649829873783 0.5551997759869991 0.52679822044651
4 0.7042784363258886 0.005848259241331523 0.0678671334536021 0.011678837221614346
