2 0.4845211859381161 0.44663696997126956 0.4081174447333399 0.7454966392428581
4 0.7741736764035391 0.03558706960655974 0.05999260069067922 0.07066089869098707
4 0.1409546885204616 0.032367221717214914 0.06291018224288988 0.06473444343442983
4 0.6908425893693316 0.024936043192781594 0.055854677025828074 0.04987208638556319
4 0.5981504037177149 0.02401809072826412 0.05514771855591975 0.04803618145652824
4 0.4580017956273413 0.03490989667356982 0.05828818913889984 0.06422609298245813
4 0.9516932731171136 0.01800506020919906 0.04427908046012421 0.03601012041839812
4 0.857142403298748 0.01709400030963659 0.08283048322900237 0.034171122132763784
4 0.9788277322185528 0.02568777088775989 0.039379324446717275 0.05137554177551978
4 0.514360205232157 0.019803217558185905 0.057439954498964906 0.03846384920266278
4 0.35141990011798846 0.011805763377390992 0.06166423232021392 0.02359795846961214
4 0.029952927718779266 0.03255651389916369 0.050683277262498154 0.06470719180361577
4 0.22938154924555157 0.006360625999432982 0.04893180774965497 0.012663007059119416
4 0.2846751408622092 0.008810249669369302 0.055839610776690654 0.017615792922796615
1 0.4213364658295544 0.6332087328705046 0.5180031087496303 0.5150779848032374
4 0.8722528403489748 0.016908848092063673 0.05217533532753352 0.0337613209770893
4 0.4200759069400631 0.014855717838225398 0.04954307387679909 0.029711435676450796
4 0.01357878194622437 0.03776765367547763 0.02715756389244874 0.07405518268487846
4 0.4578921922749901 0.044359260258154634 0.05788770609473581 0.044796078498291585
