4 0.1379596213474587 0.6186114118540429 0.07401247663534094 0.17693765377957874
4 0.7063539218058629 0.4696533514000159 0.043905651222740205 0.11568957395181187
2 0.5198081073206384 0.3582416009821997 0.047637746548079965 0.1113336689403385
0 0.7568936546894753 0.32188485474254563 0.03407582742375158 0.03475149054276316
4 0.8774559898714048 0.5737867371538095 0.03670273116506005 0.09194024026090301
4 0.9370295431761615 0.5533042609792816 0.023289657573482933 0.06474482952435272
2 0.13309844314825972 0.2735089753803454 0.07062570063112358 0.09363528706626698
4 0.6275272875760509 0.45998114438534593 0.018710516195381638 0.023523197918877334
2 0.14945972312416048 0.2757143755720103 0.03864560326191629 0.09147372027204478
4 0.6267687849389617 0.4218003640555364 0.02103540779817873 0.1033354728452621
0 0.4924074117513432 0.31949598639444504 0.02405965735125632 0.0240585767554913
