2 0.7496660709381103 0.4260535717010498 0.21488256454467775 0.6429792404174804
1 0.7463555812835694 0.6581138610839844 0.24747533798217775 0.5558712005615234
2 0.5741299629211426 0.3808454036712646 0.08651371002197265 0.3451200485229492
1 0.5243655204772949 0.5660258769989014 0.11981182098388672 0.40292158126831057
1 0.03610910475254059 0.4287545204162598 0.07220022082328796 0.24452478885650636
2 0.023047305643558502 0.34093270301818845 0.04601762592792511 0.21802701950073242
2 0.5114496231079102 0.4257922649383545 0.1285554885864258 0.47676906585693357
2 0.40330076217651367 0.3927134990692139 0.1833811044692993 0.594073486328125
1 0.14466004371643065 0.43036785125732424 0.11730384826660156 0.21946070194244385
2 0.2080846309661865 0.34441094398498534 0.043059682846069335 0.1815567970275879
2 0.2898979187011719 0.35774884223937986 0.0649343490600586 0.21855993270874025
2 0.16538941860198975 0.3510446548461914 0.06256957054138183 0.2526815414428711
1 0.28919258117675783 0.4246541500091553 0.06576242446899414 0.1961526870727539
2 0.2488997459411621 0.34799745082855227 0.03822603225708008 0.15338006019592285
1 0.39703936576843263 0.5757972240447998 0.19670372009277343 0.5439469337463378
1 0.011321194469928741 0.4428260803222656 0.022616314888000488 0.21781561374664307
