2 0.7676417350769043 0.5721489906311035 0.09560546875 0.3386808395385742
2 0.5297367572784424 0.5270671367645263 0.13380708694458007 0.6508700370788574
2 0.8120887756347657 0.4608915328979492 0.07007942199707032 0.2815040826797485
2 0.06347759962081909 0.3690258741378784 0.0722121238708496 0.30733284950256345
2 0.2845571279525757 0.42003889083862306 0.07807917594909668 0.32122805118560793
2 0.18992068767547607 0.4118679046630859 0.07555298805236817 0.3391134023666382
2 0.13763706684112548 0.33870396614074705 0.029490232467651367 0.12783994674682617
2 0.4572779655456543 0.3998863220214844 0.07775993347167968 0.2741420745849609
0 0.9467351913452149 0.39270734786987305 0.10511264801025391 0.09258232116699219
0 0.8011816024780274 0.36445538997650145 0.10711097717285156 0.06811866760253907
0 0.7826753616333008 0.3650081634521484 0.06948699951171874 0.06718173027038574
1 0.5056271553039551 0.70248441696167 0.213045334815979 0.4932085037231445
