0 0.12346494147118102 0.5325620608588758 0.20350135640895112 0.20048030572958267
2 0.3981522580410572 0.5740318420215156 0.0932536023728391 0.4983933908870807
4 0.7368854928523936 0.7446842376416484 0.08742604357130984 0.2027421165198183
4 0.2668153316416639 0.6505681729545227 0.06120082774060838 0.15273253224528255
0 0.31161680830285904 0.5128802704734924 0.15391780772107713 0.14442794848554813
4 0.3195182962620512 0.578461912112495 0.032286299035904256 0.09223738112769568
4 0.2159955937811669 0.614111562125599 0.04323540545524435 0.12801153895953973
4 0.3468281847365359 0.7230987061326877 0.08515777587890624 0.20265675505129294
2 0.9489820764419881 0.5395457112370208 0.05759601998836436 0.08920502586486621
4 0.3493050108564661 0.5837892770005492 0.0440806287400266 0.047392043823632185
2 0.8980133056640625 0.5439073849029054 0.04633191697140957 0.06962809699792831
2 0.898924872215758 0.5619142185003994 0.048587815305019946 0.10707326285755292
