2 0.6840903282165527 0.46633377075195315 0.20717926025390626 0.4308008193969727
1 0.6795082092285156 0.5371122360229492 0.20496349334716796 0.3263931035995483
2 0.3452282428741455 0.5676036834716797 0.2419611930847168 0.6607549667358399
0 0.06723437905311584 0.3808497428894043 0.13445957899093627 0.13018426895141602
0 0.8351593971252441 0.2628318309783936 0.1890430450439453 0.11686668395996094
0 0.5273376941680908 0.33922839164733887 0.19586305618286132 0.14371213912963868
0 0.37428576946258546 0.4295632362365723 0.3655411243438721 0.2278352737426758
3 0.4864013671875 0.08242449760437012 0.032955360412597653 0.04926886558532715
0 0.4844795227050781 0.41838507652282714 0.1493539810180664 0.21040697097778321
0 0.9570046424865722 0.312065052986145 0.08553314208984375 0.25537734031677245
