2 0.6643879890441895 0.3937272548675537 0.20303745269775392 0.5961002349853516
0 0.0659117877483368 0.4013869285583496 0.1318235754966736 0.33767626285552976
1 0.6742652416229248 0.6999872207641602 0.18092241287231445 0.5377235412597656
0 0.8632900238037109 0.3328993558883667 0.2734200477600098 0.2936854839324951
2 0.5098930835723877 0.28299884796142577 0.05802631378173828 0.206292724609375
2 0.3773044586181641 0.2651075839996338 0.04897994995117187 0.16989935636520387
2 0.09256513118743896 0.24499378204345704 0.04044609069824219 0.1363439679145813
0 0.8593884468078613 0.23303327560424805 0.1534961700439453 0.10643630027770996
2 0.4539806842803955 0.1925336241722107 0.026943492889404296 0.039200997352600096
2 0.5787245750427246 0.23336000442504884 0.024091339111328124 0.07223029136657715
