1 0.755058479309082 0.5712820053100586 0.07294445037841797 0.2459339141845703
2 0.7606048583984375 0.44516849517822266 0.10223159790039063 0.3106599569320679
2 0.5000349521636963 0.5307868003845215 0.11607904434204101 0.5384592056274414
2 0.45166711807250975 0.5836795806884766 0.2093658447265625 0.4462461471557617
2 0.920806884765625 0.422664737701416 0.04082984924316406 0.11682043075561524
2 0.25971336364746095 0.4014458656311035 0.07513065338134765 0.2694723129272461
2 0.8448628425598145 0.40467376708984376 0.055210113525390625 0.16066913604736327
1 0.47087507247924804 0.6577115058898926 0.08911552429199218 0.3538515090942383
2 0.48394145965576174 0.5704130172729492 0.14484405517578125 0.45142183303833006
2 0.9616622924804688 0.41241455078125 0.027640151977539062 0.0817211389541626
