2 0.4476308822631836 0.52676420211792 0.20860688686370848 0.6003751754760742
0 0.8740857124328614 0.40576992034912107 0.2513225555419922 0.23658368587493897
2 0.7050736904144287 0.2924952030181885 0.029004001617431642 0.08338098526000977
1 0.43735790252685547 0.7272706031799316 0.1428466558456421 0.4647653579711914
2 0.015877793729305267 0.3490143775939941 0.03175558745861053 0.20650482177734375
3 0.42685484886169434 0.06928967237472534 0.014471054077148438 0.03610749244689941
1 0.4430978775024414 0.6631818771362304 0.14148321151733398 0.3366455078125
2 0.5792819023132324 0.28803560733795164 0.029624748229980468 0.07131953239440918
2 0.08706772923469544 0.3559065580368042 0.06016429662704468 0.189841890335083
1 0.44109196662902833 0.7251133918762207 0.08868198394775391 0.46274375915527344
3 0.43349790573120117 0.21023313999176024 0.014383316040039062 0.03537716865539551
2 0.12825881242752074 0.31416256427764894 0.03072168827056885 0.12326908111572266
0 0.5061071395874024 0.2744410514831543 0.02557544708251953 0.030876350402832032
