2 0.13666374683380128 0.5144930362701416 0.20910439491271973 0.6879061698913574
2 0.9263957977294922 0.43098974227905273 0.147208309173584 0.5784656524658203
2 0.5452130794525146 0.4953641414642334 0.18841400146484374 0.6793478965759278
2 0.3491053104400635 0.43460984230041505 0.11605224609375 0.45725507736206056
1 0.44745187759399413 0.3767444610595703 0.11292574405670167 0.16691112518310547
1 0.08421066403388977 0.6774340629577636 0.16216737031936646 0.536473274230957
1 0.5396532535552978 0.7030022621154786 0.16801033020019532 0.5781770706176758
1 0.3577601909637451 0.546507740020752 0.11240110397338868 0.361083984375
1 0.8909379959106445 0.5811001777648925 0.07096443176269532 0.31484050750732423
1 0.38305959701538084 0.3763780117034912 0.1599045753479004 0.16710424423217773
