4 0.4585256652832031 0.47099476940227003 0.18532501220703124 0.7828094674356328
2 0.16856698608398438 0.2785633974855051 0.11922962951660156 0.5563254046490107
4 0.6753910522460937 0.5004704953239649 0.2407611083984375 0.9990590093520703
4 0.3485902099609375 0.4435711106914144 0.11848678588867187 0.6404086898707744
4 0.27349285888671876 0.4170696650411098 0.09902525329589844 0.53364019173996
4 0.1270355682373047 0.38377370774371067 0.042224884033203125 0.3248777249574161
4 0.22345346069335936 0.40286088539619364 0.07243128967285156 0.4407009228720355
4 0.13542356872558595 0.3854734152867859 0.05974903106689453 0.32685544955655466
0 0.01071867847442627 0.3266458571332056 0.021422475814819337 0.07363993966604429
4 0.31701495361328125 0.3307860432430883 0.031084442138671876 0.24666472301043305
