3 0.5142606258392334 0.37938952445983887 0.39513092041015624 0.6478495597839355
2 0.24389114379882812 0.6484458446502686 0.07806034088134765 0.14395055770874024
2 0.8227976799011231 0.7135749816894531 0.12455615997314454 0.19583206176757811
1 0.8255011558532714 0.7723546981811523 0.15704727172851562 0.22930316925048827
2 0.7096325874328613 0.5703784465789795 0.07760486602783204 0.13716907501220704
2 0.3139901638031006 0.6265585422515869 0.049185562133789065 0.16236562728881837
1 0.2517291307449341 0.6723431587219239 0.185316801071167 0.15160179138183594
3 0.5068091869354248 0.2961410045623779 0.2923279762268066 0.47888870239257814
2 0.7233295440673828 0.47894015312194826 0.051709747314453124 0.07355318069458008
2 0.2826070308685303 0.6254875659942627 0.06161556243896484 0.15714406967163086
1 0.7222365379333496 0.49650158882141116 0.05191879272460938 0.05611476898193359
2 0.2588940143585205 0.6315818786621094 0.10451202392578125 0.16939907073974608
