3 0.7601625919342041 0.06047204732894897 0.04848194122314453 0.12053558826446534
2 0.9361480712890625 0.7549305915832519 0.127703857421875 0.3645139694213867
2 0.6602890968322754 0.776057243347168 0.18646507263183593 0.44788551330566406
3 0.2153393030166626 0.3049507141113281 0.05027623176574707 0.14657182693481446
2 0.7637308597564697 0.7407228469848632 0.10486936569213867 0.33185501098632814
3 0.5264240264892578 0.04290700554847717 0.09521656036376953 0.07676336765289307
3 0.2600463628768921 0.3447140693664551 0.043792343139648436 0.07545642852783203
2 0.5151811122894288 0.6649796485900878 0.06630926132202149 0.13042125701904297
1 0.9353499412536621 0.818061637878418 0.12930011749267578 0.3003566265106201
1 0.42205238342285156 0.6796110153198243 0.04087839126586914 0.0627584457397461
2 0.4215673923492432 0.650400447845459 0.04873228073120117 0.08793697357177735
1 0.7637665748596192 0.8109724044799804 0.09873485565185547 0.2063232421875
3 0.5039674758911132 0.042241734266281125 0.05110378265380859 0.07460634708404541
1 0.6519727230072021 0.9090359687805176 0.1921074867248535 0.18192806243896484
