0 0.610778522491455 0.28405239378022423 0.07538223266601562 0.10556227045629396
4 0.367343807220459 0.7039843578271542 0.03510370254516602 0.08742724437646542
4 0.5916497230529785 0.8259633680301143 0.044797325134277345 0.11298444598109614
4 0.6406953811645508 0.8110623465892438 0.046213531494140626 0.1094611504432884
4 0.2803840160369873 0.7342839123635331 0.03541126251220703 0.09258882940723916
2 0.4679366111755371 0.4380415170720985 0.03947296142578125 0.13174248859723037
4 0.5266879081726075 0.8385099923065651 0.04479198455810547 0.11849836056565065
2 0.5174257278442382 0.4358709051349099 0.02946643829345703 0.1552723641971351
4 0.4742728233337402 0.8528803728110346 0.03368511199951172 0.12242206962558616
2 0.5386441230773926 0.4289446313104484 0.02453193664550781 0.14099686366592173
4 0.4783130168914795 0.6666165314972889 0.03389883041381836 0.08245828143317702
4 0.6851765632629394 0.7932028731315943 0.037984371185302734 0.1030822968566823
2 0.3308457851409912 0.44128149643033776 0.032606315612792966 0.16098319408063452
4 0.42452402114868165 0.8856443738322465 0.05219590663909912 0.13337963323380714
2 0.2751871347427368 0.4424394828912661 0.027502775192260742 0.1483985748827667
4 0.5079712867736816 0.6306129446622216 0.029587554931640624 0.08057098567555686
4 0.7458494186401368 0.4032561289886797 0.024756431579589844 0.05550092046453693
4 0.7091625213623047 0.3782789044754726 0.023900604248046874 0.054437491986005275
2 0.3027034759521484 0.4390270953161635 0.032676982879638675 0.15202319021101993
4 0.45095176696777345 0.8677650800483587 0.03582687377929687 0.12643221534290738
4 0.6863457679748535 0.3565112132959042 0.021869850158691407 0.052780455469665886
4 0.5469783782958985 0.5800079309926363 0.023854446411132813 0.07055649751795134
3 0.6717179298400879 0.13926601968924018 0.013678836822509765 0.04516386007507968
4 0.7698389053344726 0.42731904256805026 0.018930721282958984 0.05958555340068142
4 0.7915431499481201 0.47843909850573346 0.02186136245727539 0.062718452909767
4 0.7544683456420899 0.66743217012108 0.025887298583984374 0.0722926722321952
4 0.7023941040039062 0.782220408896908 0.02488574981689453 0.10463114444424092
4 0.528169584274292 0.6061382047735931 0.027775287628173828 0.07114581234429954
3 0.5552755355834961 0.1449018078141028 0.01020965576171875 0.05000145969189625
3 0.4842381477355957 0.14009833028419916 0.011674880981445312 0.03076787235309203
4 0.737276268005371 0.7060931832960874 0.03436346054077148 0.10826677901524033
4 0.7795858383178711 0.5195677065206441 0.019914531707763673 0.04576570571237544
4 0.5599291801452637 0.559757818510496 0.022780609130859376 0.06789577971589243
4 0.5595292091369629 0.4692575291480437 0.01794157028198242 0.061773588621043374
3 0.5306047916412353 0.14171992991761614 0.013699054718017578 0.04531073262794915
3 0.5337640762329101 0.14183048011269966 0.016532707214355468 0.045307548496116644
3 0.48399991989135743 0.1379702569172223 0.010314369201660156 0.02263388236829572
4 0.7759000778198242 0.5619759062110748 0.02031879425048828 0.040506378567372506
4 0.49804248809814455 0.4018971129011577 0.01135845184326172 0.06792118121702814
4 0.7649423122406006 0.597151940760551 0.023478603363037108 0.039144500338877494
4 0.7614006996154785 0.6349582470874854 0.025936317443847657 0.05491704370603751
