3 0.47994699478149416 0.06839784979820251 0.03782329559326172 0.11868177652359009
3 0.9310222625732422 0.42385072708129884 0.04412689208984375 0.11048603057861328
3 0.057933473587036134 0.4264221668243408 0.04235186874866485 0.11390190124511719
0 0.2768791913986206 0.6660937786102294 0.09666171073913574 0.0817758560180664
2 0.496809196472168 0.6666890144348144 0.03758926391601562 0.0739959716796875
1 0.4978618621826172 0.6848119735717774 0.04146223068237305 0.05046424865722656
2 0.8382519721984864 0.6915420532226563 0.05338344573974609 0.1398550033569336
2 0.5268784523010254 0.6722667694091797 0.021457481384277343 0.05644512176513672
1 0.6270283699035645 0.673129940032959 0.018872737884521484 0.03645133972167969
3 0.8938193321228027 0.41176280975341795 0.04376010894775391 0.07560441493988038
1 0.8001524925231933 0.7234480857849122 0.040767669677734375 0.07013168334960937
1 0.5266032218933105 0.6765652656555176 0.02175130844116211 0.04942483901977539
1 0.21832542419433593 0.681800127029419 0.03483161926269531 0.06533565521240234
