4 0.37531332397460937 0.5947418600497459 0.19042767333984376 0.6093254380060595
4 0.4892147216796875 0.24967963003082663 0.046014678955078124 0.12711661756291015
2 0.4746048889160156 0.14888933328730286 0.03502825927734375 0.15728922560495606
4 0.570421142578125 0.21888581743490687 0.02480621337890625 0.08197471108303345
4 0.704904052734375 0.2014401118498955 0.01765155029296875 0.05194972956412733
4 0.2954356079101563 0.20458430097226266 0.016778900146484376 0.0594903879706684
4 0.622595703125 0.1979987445673026 0.0183634033203125 0.07826261334657467
4 0.8393768310546875 0.19663669414988622 0.01276318359375 0.0425089966130398
3 0.4316934814453125 0.044810706129728185 0.020135894775390625 0.05793902391503162
2 0.4481934509277344 0.14855264507038526 0.0194549560546875 0.10260721670178212
2 0.631218017578125 0.16147369979096104 0.03007696533203125 0.10437597005070517
0 0.061727573394775394 0.19486540843630928 0.07717165374755859 0.07889717741602059
