0 0.17107470333576202 0.31891260729536164 0.34214940667152405 0.6378252145907233
4 0.6027958989143372 0.4436350686545728 0.23266375064849854 0.6399439365168106
4 0.1952696144580841 0.5604422002718229 0.3867769241333008 0.7903377243503239
4 0.7429757118225098 0.4019071660168299 0.19361555576324463 0.5730681186984308
4 0.8787856101989746 0.3877933979916911 0.1868044137954712 0.525668992001947
4 0.42531701922416687 0.4854422303940469 0.2741166949272156 0.7198209956720388
4 0.9630058407783508 0.3653129186989127 0.07398831844329834 0.484941222504434
0 0.8675099611282349 0.19062228146928978 0.21269643306732178 0.38124456293857956
4 0.19048219919204712 0.5547681146018083 0.2601437568664551 0.8105996641974476
1 0.4266146421432495 0.2692428673585942 0.22713777422904968 0.5384857347171884
