3 0.5198276519775391 0.06783971786499024 0.037923240661621095 0.11844840049743652
3 0.06916143894195556 0.42427592277526854 0.04441454708576202 0.11140155792236328
3 0.9426533699035644 0.42648587226867674 0.040261459350585935 0.11300115585327149
0 0.7245849609375 0.6661547660827637 0.09960613250732422 0.08294134140014649
2 0.5028805732727051 0.6661593914031982 0.037297630310058595 0.07296991348266602
2 0.4724757194519043 0.673411226272583 0.0212158203125 0.05694246292114258
2 0.16242514848709105 0.6940674781799316 0.05690498352050781 0.14502058029174805
1 0.20073480606079103 0.7220417976379394 0.04806872606277466 0.07204608917236328
1 0.37363150119781496 0.6733105659484864 0.01760692596435547 0.03537178039550781
3 0.10700473785400391 0.4212018966674805 0.04284548759460449 0.05671224594116211
1 0.5023033142089843 0.6846750259399415 0.03980388641357422 0.05026302337646484
1 0.10749479532241821 0.701182222366333 0.06460645198822021 0.06846466064453124
3 0.9084234237670898 0.4044229030609131 0.032905197143554686 0.06087198257446289
1 0.7866708755493164 0.6821466445922851 0.044095420837402345 0.0643620491027832
2 0.11736915111541749 0.6766281127929688 0.051406532526016235 0.11830930709838867
