0 0.5992760181427002 0.8597799301147461 0.4034693717956543 0.280440092086792
3 0.9232818603515625 0.6278207778930665 0.026488876342773436 0.1190673828125
3 0.5807546138763428 0.4572010040283203 0.035689926147460936 0.087152099609375
3 0.9864331245422363 0.6110552310943603 0.027133750915527343 0.31212987899780276
3 0.8353364944458008 0.6358560562133789 0.02072486877441406 0.053875160217285153
0 0.9246865272521972 0.8880708694458008 0.15062694549560546 0.22382011413574218
0 0.37446486949920654 0.8838079452514649 0.06408181190490722 0.03798866271972656
3 0.3378478527069092 0.7021409511566162 0.020757246017456054 0.07449178695678711
0 0.8461103439331055 0.9040262222290039 0.1099538803100586 0.19183483123779296
3 0.9864189147949218 0.5362479209899902 0.02716217041015625 0.15699691772460939
1 0.148146915435791 0.883454704284668 0.0531571626663208 0.05217132568359375
