1 0.0982787549495697 0.6714973449707031 0.13773361444473267 0.13350868225097656
3 0.12180531024932861 0.37815585136413576 0.02283201217651367 0.10678930282592773
2 0.10030325651168823 0.6382004261016846 0.055129599571228025 0.19466876983642578
3 0.23133175373077391 0.40938639640808105 0.027675724029541014 0.06746072769165039
3 0.4148703098297119 0.18371177911758424 0.017073631286621094 0.08300421237945557
0 0.35478363037109373 0.6479377269744873 0.16495885848999023 0.2569724082946777
0 0.6830499649047852 0.6520568370819092 0.12455101013183593 0.16936836242675782
0 0.8709064483642578 0.6476315498352051 0.050201416015625 0.060304450988769534
3 0.9564679145812989 0.5649637222290039 0.018977928161621093 0.029126548767089845
3 0.8873420715332031 0.4297660827636719 0.033167457580566405 0.059443092346191405
