0 0.9138591766357422 0.8510251998901367 0.17198047637939454 0.28606486320495605
0 0.5135941505432129 0.8221652030944824 0.44757671356201173 0.35566959381103513
3 0.42501144409179686 0.23282926082611083 0.03550453186035156 0.09575119018554687
3 0.17137572765350342 0.45498046875 0.019183349609375 0.08982105255126953
2 0.7991570472717285 0.7449950218200684 0.01795787811279297 0.0567840576171875
0 0.7411904811859131 0.709092378616333 0.03555707931518555 0.04386978149414063
3 0.1930605411529541 0.45574302673339845 0.02363247871398926 0.08917407989501953
0 0.026137453317642213 0.7894760608673096 0.052274906635284425 0.42101755142211916
0 0.14568246603012086 0.7447053909301757 0.2913570165634155 0.4282665252685547
3 0.8183759689331055 0.5556752204895019 0.014678573608398438 0.06847286224365234
