0 0.9051589965820312 0.847404956817627 0.18928375244140624 0.3049491882324219
0 0.4887582778930664 0.8411556243896484 0.0870553970336914 0.12559123039245607
3 0.4857336044311523 0.574311351776123 0.0234405517578125 0.05812053680419922
3 0.7414419174194335 0.6860278606414795 0.021725273132324217 0.0771707534790039
0 0.6047045230865479 0.8290214538574219 0.047778987884521486 0.094573974609375
0 0.66192626953125 0.83480806350708 0.09696731567382813 0.12780914306640626
3 0.344605541229248 0.7460566520690918 0.01802482604980469 0.055183792114257814
3 0.3157283544540405 0.7213565826416015 0.017795038223266602 0.07151985168457031
3 0.629297924041748 0.7644742012023926 0.010079574584960938 0.021015357971191407
3 0.6295034408569335 0.7531834602355957 0.011778736114501953 0.04456748962402344
