3 0.43415203094482424 0.559700345993042 0.018854713439941405 0.07218637466430664
0 0.5200918674468994 0.7040010452270508 0.07447690963745117 0.04203739166259766
2 0.2964362144470215 0.7045157432556153 0.02897491455078125 0.10047492980957032
0 0.22135324478149415 0.6998321533203125 0.12251006364822388 0.06946659088134766
0 0.7758596897125244 0.7089537620544434 0.09358491897583007 0.06622734069824218
0 0.38305323123931884 0.7151597499847412 0.1291933536529541 0.20814886093139648
1 0.2969071865081787 0.7264891624450683 0.029392290115356445 0.05841960906982422
0 0.6949044227600097 0.7044795989990235 0.06287717819213867 0.04649295806884766
0 0.07177197933197021 0.7021285057067871 0.11901257038116456 0.07366580963134765
3 0.24470019340515137 0.5668651103973389 0.02154684066772461 0.061362171173095705
3 0.24595320224761963 0.5622432708740235 0.017897558212280274 0.05148029327392578
0 0.603829288482666 0.7045520782470703 0.09593467712402344 0.06428394317626954
0 0.3161464691162109 0.6990138530731201 0.020524215698242188 0.04912624359130859
2 0.17724366188049318 0.6801779747009278 0.024138498306274413 0.02736244201660156
2 0.1796595573425293 0.6785578250885009 0.03217496871948242 0.033387184143066406
