3 0.7975055694580078 0.30637431144714355 0.017349052429199218 0.04225912094116211
0 0.7698509216308593 0.5135136604309082 0.044181442260742186 0.03176126480102539
0 0.6683661460876464 0.5149189949035644 0.04499759674072266 0.03493976593017578
3 0.41631479263305665 0.41194658279418944 0.014237403869628906 0.04519917964935303
0 0.21012504100799562 0.5030739784240723 0.09816346168518067 0.045018577575683595
2 0.6370890617370606 0.5117375373840332 0.013714981079101563 0.040500640869140625
0 0.12620784044265748 0.4977409839630127 0.11098990440368653 0.050053977966308595
0 0.32266597747802733 0.4932004451751709 0.11888103485107422 0.05836505889892578
3 0.36915059089660646 0.21336898803710938 0.019610500335693358 0.06052523851394653
3 0.6739506721496582 0.40625882148742676 0.014921951293945312 0.06009349822998047
0 0.037027803063392636 0.5014995574951172 0.07403393387794495 0.04404659271240234
0 0.9540475845336914 0.49663467407226564 0.0918191909790039 0.05999479293823242
0 0.6100810050964356 0.5170928478240967 0.044776535034179686 0.029634380340576173
3 0.4109341144561768 0.411397647857666 0.023556995391845702 0.04768064022064209
