0 0.9368450164794921 0.7852494239807128 0.09330177307128906 0.08962249755859375
3 0.46413440704345704 0.33564276695251466 0.017812252044677734 0.08805503845214843
3 0.11240358352661133 0.43010592460632324 0.04280169010162353 0.202780818939209
3 0.1502669095993042 0.5937786102294922 0.027513551712036132 0.08996448516845704
2 0.6979283332824707 0.7812099456787109 0.03803443908691406 0.11125774383544922
1 0.6980104923248291 0.8092097282409668 0.03744010925292969 0.07959098815917968
0 0.8214548110961915 0.7856695175170898 0.08486824035644532 0.08916282653808594
0 0.7683557510375977 0.7817977905273438 0.04002399444580078 0.05779762268066406
3 0.3132063865661621 0.6185555934906006 0.019910907745361327 0.08737545013427735
3 0.5612376213073731 0.3372344017028809 0.019280624389648438 0.08938684463500976
3 0.21453142166137695 0.025191280245780944 0.040249204635620116 0.05035715699195862
0 0.10268694162368774 0.7597825050354003 0.019197869300842284 0.025201129913330077
3 0.649413013458252 0.636469554901123 0.013561630249023437 0.023466873168945312
2 0.5615163803100586 0.3374778270721436 0.018983078002929688 0.0895188331604004
0 0.3640603542327881 0.7358853340148925 0.020844459533691406 0.025072669982910155
0 0.7185534000396728 0.7821097373962402 0.037804603576660156 0.08787059783935547
0 0.384718656539917 0.7395352363586426 0.02044849395751953 0.022226333618164062
