0 0.036685866117477414 0.5912273406982422 0.07324458360671997 0.07734451293945313
0 0.7411726951599121 0.676517105102539 0.09822101593017578 0.057730484008789065
3 0.633830451965332 0.5287382125854492 0.022142696380615234 0.07321548461914062
3 0.9388991355895996 0.4739667892456055 0.12220172882080078 0.340829873085022
3 0.6204641819000244 0.5276224136352539 0.016216754913330078 0.06921768188476562
3 0.6285066604614258 0.5287222385406494 0.032555770874023435 0.07362957000732422
0 0.49849634170532225 0.9479061126708984 0.9969926834106445 0.10418434143066406
2 0.9550901412963867 0.7139602661132812 0.01977958679199219 0.035614967346191406
3 0.6229001998901367 0.5282965660095215 0.022284317016601562 0.07269115447998047
0 0.9797763824462891 0.7255000114440918 0.040447235107421875 0.051410675048828125
