1 0.6049510955810546 0.9012517929077148 0.028739070892333983 0.07010917663574219
3 0.821712875366211 0.6643818855285645 0.03232364654541016 0.08588600158691406
3 0.8882966995239258 0.573652696609497 0.09462738037109375 0.27037897109985354
0 0.3907423496246338 0.9163427352905273 0.12208843231201172 0.16725921630859375
0 0.9284470558166504 0.8560531616210938 0.1431058883666992 0.11057758331298828
3 0.7663757801055908 0.715705156326294 0.02528524398803711 0.06377410888671875
2 0.8418729782104493 0.8527420043945313 0.03941154479980469 0.093951416015625
0 0.22465033531188966 0.8792898178100585 0.26511249542236326 0.24116244316101074
2 0.6038804054260254 0.8722900390625 0.032151412963867185 0.103076171875
3 0.8811613082885742 0.5112234115600586 0.08147315979003907 0.14208583831787108
0 0.5742967605590821 0.8563264846801758 0.03417282104492188 0.04723663330078125
2 0.8396567344665528 0.8017107963562011 0.017163848876953124 0.029307174682617187
0 0.6429914474487305 0.8542084693908691 0.036846923828125 0.05427608489990234
0 0.9094528198242188 0.849855899810791 0.10402717590332031 0.09531230926513672
