3 0.09725754261016846 0.5941199779510498 0.0853754997253418 0.2358271598815918
2 0.12434427738189698 0.9370857238769531 0.10407400131225586 0.12582855224609374
3 0.4390531063079834 0.825311279296875 0.0359034538269043 0.120758056640625
2 0.47861566543579104 0.9521965026855469 0.0987401008605957 0.09560546875
0 0.6013935089111329 0.9839959144592285 0.19133758544921875 0.03200817108154297
0 0.8419980049133301 0.8974617958068848 0.31600403785705566 0.20507640838623048
3 0.6803468704223633 0.4270918369293213 0.022084999084472656 0.11826896667480469
0 0.31793961524963377 0.9794028282165528 0.23103008270263672 0.04119434356689453
3 0.8055079460144043 0.4335319519042969 0.022812271118164064 0.1186115026473999
0 0.5716272830963135 0.9840902328491211 0.27858648300170896 0.03181953430175781
0 0.6786364555358887 0.9732077598571778 0.07832050323486328 0.05358448028564453
