0 0.1726345658302307 0.7123777389526367 0.11578490734100341 0.09877796173095703
3 0.5159561157226562 0.3523715496063232 0.025798988342285157 0.06504278182983399
3 0.40934205055236816 0.3279473543167114 0.024008941650390626 0.07172298431396484
0 0.8744251251220703 0.7149728775024414 0.25114965438842773 0.3777050018310547
3 0.40535788536071776 0.5908931732177735 0.011444664001464844 0.02186870574951172
0 0.6022607803344726 0.6647455215454101 0.04981708526611328 0.03580770492553711
0 0.7093054771423339 0.6681836128234864 0.035622024536132814 0.045441818237304685
0 0.6710431098937988 0.6676667213439942 0.061112594604492185 0.05859241485595703
3 0.28737926483154297 0.37651810646057127 0.03220500946044922 0.14785423278808593
3 0.6531870841979981 0.5513811588287354 0.012491989135742187 0.05190839767456055
0 0.4974104404449463 0.6743925094604493 0.03459720611572266 0.048758506774902344
