0 0.12838445901870726 0.599821949005127 0.1316528558731079 0.07335062026977539
3 0.9684399604797364 0.30597786903381347 0.020207023620605467 0.0695333480834961
0 0.9319502830505371 0.7982011318206788 0.1360994338989258 0.38832712173461914
2 0.970037841796875 0.6440430164337159 0.0182403564453125 0.05147771835327149
0 0.8511475563049317 0.6870281219482421 0.19878807067871093 0.16013545989990235
3 0.4618654251098633 0.48979339599609373 0.019177055358886717 0.08026981353759766
0 0.3601229190826416 0.6035183906555176 0.05595650672912598 0.046431541442871094
2 0.06437954902648926 0.3559976100921631 0.01648470163345337 0.04570083618164063
0 0.4429431915283203 0.5997392654418945 0.022402191162109376 0.036514663696289064
0 0.7816552639007568 0.6307604789733887 0.04633550643920899 0.043064117431640625
3 0.8262698173522949 0.4253109931945801 0.016524505615234376 0.04779510498046875
0 0.41469526290893555 0.6034584045410156 0.03608722686767578 0.040221118927001955
2 0.7470908164978027 0.6392384052276612 0.015776729583740233 0.0428563117980957
3 0.9926687240600586 0.32739670276641847 0.014662551879882812 0.034348058700561526
0 0.5782829761505127 0.6459827423095703 0.08527069091796875 0.10535974502563476
2 0.548359489440918 0.6081192493438721 0.025598907470703126 0.051825428009033205
