3 0.0970358669757843 0.5349353313446045 0.08221439123153687 0.3013482093811035
3 0.886202621459961 0.13302261829376222 0.06802959442138672 0.19408512115478516
0 0.5961554050445557 0.9808846473693847 0.2521529197692871 0.03823070526123047
3 0.8712873458862305 0.13281354904174805 0.037665176391601565 0.18941211700439453
3 0.3390200138092041 0.7727412223815918 0.05057191848754883 0.17945690155029298
3 0.3784877061843872 0.7701375961303711 0.042265892028808594 0.17604236602783202
3 0.3675745725631714 0.7664071083068847 0.10816397666931152 0.19273128509521484
3 0.3875462770462036 0.763733196258545 0.06086087226867676 0.18177547454833984
3 0.9045428276062012 0.19209738969802856 0.034149169921875 0.07146070003509522
3 0.4044178009033203 0.7589773178100586 0.037616181373596194 0.1863161087036133
0 0.8261507034301758 0.9949886322021484 0.12403035163879395 0.010022640228271484
