3 0.948580265045166 0.622005558013916 0.029557418823242188 0.12630081176757812
3 0.5807845115661621 0.4593319892883301 0.03618927001953125 0.08972816467285157
0 0.613700008392334 0.858918571472168 0.5105539321899414 0.2821628570556641
0 0.9474987030029297 0.8845552444458008 0.10457382202148438 0.23086466789245605
3 0.8426601409912109 0.6443395137786865 0.019901275634765625 0.053136157989501956
0 0.889061164855957 0.9061249732971192 0.12845726013183595 0.18775005340576173
1 0.1486404061317444 0.9223562240600586 0.02957181930541992 0.05134773254394531
2 0.14048725366592407 0.9015069961547851 0.026086640357971192 0.07573089599609376
1 0.137519907951355 0.9205656051635742 0.052843570709228516 0.055345916748046876
0 0.3728034019470215 0.9139118194580078 0.062479496002197266 0.03849296569824219
