4 0.8151804208755493 0.6522590253995434 0.071361243724823 0.3008014557024115
4 0.9709956645965576 0.7967893464017314 0.05800873041152954 0.3448002784763841
4 0.7502618432044983 0.6232197614928178 0.07012355327606201 0.2672847010410721
2 0.3770635724067688 0.3094140318430722 0.014555633068084717 0.05948298670566971
4 0.6385447978973389 0.5592643935205004 0.05279242992401123 0.1539806905946775
4 0.9218242168426514 0.4976851232519977 0.047633349895477295 0.12930799510380994
4 0.6965856552124023 0.6053828177023878 0.08583146333694458 0.19959866365522735
4 0.5164074301719666 0.5229993846318494 0.044695883989334106 0.12806852622300705
0 0.9867343902587891 0.4385733176221223 0.026516318321228027 0.20851316408479595
4 0.46170368790626526 0.444234955437833 0.029160499572753906 0.09185628441007895
4 0.7153130769729614 0.3915828431940877 0.021841347217559814 0.052399657088327625
4 0.4426398277282715 0.4561452647866724 0.04154092073440552 0.10811356032094273
4 0.9728735089302063 0.5125299508894596 0.054209113121032715 0.1351213382622241
4 0.8812564611434937 0.4842775481295186 0.03642958402633667 0.1160049322351836
4 0.9078964591026306 0.3845977086454766 0.013670921325683594 0.046723689481366536
0 0.5056252479553223 0.3304521162941757 0.051145851612091064 0.08884340515601218
4 0.7368682622909546 0.4444973044199486 0.0327640175819397 0.08992280771380327
4 0.3073764443397522 0.3803355595836901 0.013900727033615112 0.03166314855195253
2 0.9146109819412231 0.3302941169912957 0.013170838356018066 0.059323036507384415
4 0.6889439821243286 0.4276904334034912 0.028892338275909424 0.079750467471699
3 0.42103710770606995 0.18250847153104785 0.014394283294677734 0.038272143498947635
3 0.6198838353157043 0.16411092401095176 0.015503764152526855 0.040036449693653685
4 0.6561790704727173 0.3579389319572275 0.015426993370056152 0.05118777944254186
4 0.6640232801437378 0.4178614507527112 0.028891563415527344 0.07463775123816828
3 0.5846213102340698 0.18817992188614796 0.01402348279953003 0.03609544356301132
3 0.46260374784469604 0.1690590682820824 0.015160173177719116 0.03935598202129114
2 0.5062251687049866 0.3115398807612728 0.020477294921875 0.0315283974193184
4 0.2640092074871063 0.4010329805371242 0.018590927124023438 0.0775261447854238
